0	0.	0.	0.	0.	0.	0.	0.
0.010989010989010989010989010989011	4.163336342344337e-17	1.1102230246251565e-16	5.382890036487176e-9	2.5282553828276377e-13	6.661338147750939e-16	4.928500563217142e-8	6.661338147750939e-16
0.021978021978021978021978021978022	1.5265566588595902e-16	1.3877787807814457e-16	1.0765781488508708e-8	5.055678098386807e-13	8.881784197001252e-16	9.856994420687215e-8	4.440892098500626e-16
0.032967032967032967032967032967033	4.163336342344337e-17	8.326672684688674e-17	1.6148674120142203e-8	7.582684480311741e-13	4.440892098500626e-16	1.4785481505796838e-7	6.661338147750939e-16
0.043956043956043956043956043956044	2.7755575615628914e-17	2.7755575615628914e-17	2.1531568000776602e-8	1.0110523529505144e-12	8.881784197001252e-16	1.971396181854601e-7	6.661338147750939e-16
0.054945054945054945054945054945055	1.1102230246251565e-16	4.163336342344337e-17	2.691446315816748e-8	1.2638085022942391e-12	6.661338147750939e-16	2.4642435469957036e-7	4.440892098500626e-16
0.065934065934065934065934065934066	1.8041124150158794e-16	0.	3.2297359522925895e-8	1.5165230182745404e-12	6.661338147750939e-16	2.957090223798531e-7	4.440892098500626e-16
0.076923076923076923076923076923077	1.3877787807814457e-16	0.	3.7680257150563e-8	1.769293045406073e-12	6.661338147750939e-16	3.4499362344675433e-7	4.440892098500626e-16
0.087912087912087912087912087912088	2.7755575615628914e-17	0.	4.3063155943934284e-8	2.0220769503254132e-12	6.661338147750939e-16	3.9427815656800647e-7	6.661338147750939e-16
0.098901098901098901098901098901099	2.7755575615628914e-17	1.3877787807814457e-17	4.844605597242868e-8	2.2748747330325614e-12	8.881784197001252e-16	4.435626217436095e-7	0.
0.10989010989010989010989010989011	1.1102230246251565e-16	1.1102230246251565e-16	5.3828957097268315e-8	2.527644760164094e-12	4.440892098500626e-16	4.928470187515188e-7	4.440892098500626e-16
0.12087912087912087912087912087912	1.8041124150158794e-16	8.326672684688674e-17	5.921185969315346e-8	2.7803315205687795e-12	2.220446049250313e-16	5.421313495901359e-7	4.440892098500626e-16
0.13186813186813186813186813186813	1.1102230246251565e-16	4.163336342344337e-17	6.459476346865056e-8	3.033101547700312e-12	4.440892098500626e-16	5.914156120390146e-7	8.881784197001252e-16
0.14285714285714285714285714285714	2.7755575615628914e-17	1.1102230246251565e-16	6.997766850702636e-8	3.2857466747415742e-12	2.220446049250313e-16	6.40699807208378e-7	6.661338147750939e-16
0.15384615384615384615384615384615	6.938893903907228e-17	1.3877787807814457e-16	7.536057465562518e-8	3.538572213024338e-12	6.661338147750939e-16	6.899839337659586e-7	2.220446049250313e-16
0.16483516483516483516483516483516	2.7755575615628914e-17	1.1102230246251565e-16	8.07434822891473e-8	3.791356117943678e-12	2.220446049250313e-16	7.392679941542468e-7	2.220446049250313e-16
0.17582417582417582417582417582418	1.3877787807814457e-16	4.163336342344337e-17	8.61263909635035e-8	4.0440706339239796e-12	4.440892098500626e-16	7.885519861527968e-7	0.
0.18681318681318681318681318681319	1.5265566588595902e-16	1.3877787807814457e-16	9.150930078971609e-8	4.296840661055512e-12	2.220446049250313e-16	8.37835911093876e-7	4.440892098500626e-16
0.1978021978021978021978021978022	2.7755575615628914e-17	2.7755575615628914e-17	9.689221205921861e-8	4.5496245659748524e-12	2.220446049250313e-16	8.871197672011277e-7	2.220446049250313e-16
0.20879120879120879120879120879121	1.1102230246251565e-16	1.1102230246251565e-16	1.0227512446669973e-7	4.802366837530769e-12	0.	9.36403556694998e-7	4.440892098500626e-16
0.21978021978021978021978021978022	2.220446049250313e-16	1.1102230246251565e-16	1.0765803816481512e-7	5.055192375813533e-12	2.220446049250313e-16	9.856872784652637e-7	0.
0.23076923076923076923076923076923	4.163336342344337e-17	2.7755575615628914e-17	1.1304095311193141e-7	5.307906891793834e-12	2.220446049250313e-16	1.0349709322898804e-6	2.220446049250313e-16
0.24175824175824175824175824175824	1.1102230246251565e-16	1.1102230246251565e-16	1.1842386918314851e-7	5.560663041137559e-12	0.	1.0842545190570263e-6	0.
0.25274725274725274725274725274725	6.938893903907228e-17	1.5265566588595902e-16	1.2380678648948873e-7	5.813488579420323e-12	4.440892098500626e-16	1.1335380376564785e-6	4.440892098500626e-16
0.26373626373626373626373626373626	8.326672684688674e-17	1.3877787807814457e-16	1.2918970519748552e-7	6.066119828673777e-12	2.220446049250313e-16	1.1828214889764155e-6	0.
0.27472527472527472527472527472527	8.326672684688674e-17	8.326672684688674e-17	1.3457262498794975e-7	6.3189731225321566e-12	0.	1.2321048730168371e-6	4.440892098500626e-16
0.28571428571428571428571428571429	1.3877787807814457e-16	8.326672684688674e-17	1.3995554598578153e-7	6.5716321273612266e-12	0.	1.281388188889565e-6	0.
0.2967032967032967032967032967033	1.1102230246251565e-16	8.326672684688674e-17	1.45338468246492e-7	6.824402154492759e-12	2.220446049250313e-16	1.3306714377048223e-6	0.
0.30769230769230769230769230769231	1.1102230246251565e-16	2.7755575615628914e-17	1.507213918255923e-7	7.077088914897445e-12	0.	1.3799546181303413e-6	6.661338147750939e-16
0.31868131868131868131868131868132	1.3877787807814457e-16	1.1102230246251565e-16	1.5610431668144908e-7	7.329872819816785e-12	0.	1.4292377314983895e-6	4.440892098500626e-16
0.32967032967032967032967032967033	1.1102230246251565e-16	6.938893903907228e-17	1.6148724277242898e-7	7.582601213584894e-12	4.440892098500626e-16	1.4785207775869225e-6	4.440892098500626e-16
0.34065934065934065934065934065934	2.7755575615628914e-17	8.326672684688674e-17	1.6687016989036518e-7	7.835329607353003e-12	4.440892098500626e-16	1.527803755285717e-6	4.440892098500626e-16
0.35164835164835164835164835164835	2.7755575615628914e-17	1.1102230246251565e-16	1.7225309842383574e-7	8.088127390060151e-12	4.440892098500626e-16	1.577086665927041e-6	4.440892098500626e-16
0.36263736263736263736263736263736	1.3877787807814457e-16	4.163336342344337e-17	1.7763602816467383e-7	8.340841906040453e-12	6.661338147750939e-16	1.6263695084006713e-6	2.220446049250313e-16
0.37362637362637362637362637362637	1.8041124150158794e-16	0.	1.8301895911287946e-7	8.593570299808562e-12	2.220446049250313e-16	1.67565228426092e-6	8.881784197001252e-16
0.38461538461538461538461538461538	8.326672684688674e-17	6.938893903907228e-17	1.88401891310086e-7	8.846506860393788e-12	0.	1.724934991509386e-6	0.
0.3956043956043956043956043956044	8.326672684688674e-17	4.163336342344337e-17	1.9378482472853786e-7	9.099082598496011e-12	6.661338147750939e-16	1.774217631700381e-6	2.220446049250313e-16
0.40659340659340659340659340659341	4.163336342344337e-17	4.163336342344337e-17	1.9916775946537957e-7	9.35193589235439e-12	0.	1.8235002035016379e-6	2.220446049250313e-16
0.41758241758241758241758241758242	1.5265566588595902e-16	2.7755575615628914e-17	2.0455069538183324e-7	9.604692041698115e-12	4.440892098500626e-16	1.8727827086895132e-6	8.881784197001252e-16
0.42857142857142857142857142857143	2.7755575615628914e-17	1.942890293094024e-16	2.099336325611656e-7	9.857309413163762e-12	4.440892098500626e-16	1.9220651459317395e-6	2.220446049250313e-16
0.43956043956043956043956043956044	1.5265566588595902e-16	1.3877787807814457e-16	2.1531657080908762e-7	1.0110218218173372e-11	4.440892098500626e-16	1.971347515672406e-6	6.661338147750939e-16
0.45054945054945054945054945054945	1.1102230246251565e-16	4.163336342344337e-17	2.2069951040315505e-7	1.0363002123092713e-11	4.440892098500626e-16	2.0206298179115123e-6	2.220446049250313e-16
0.46153846153846153846153846153846	1.3877787807814457e-16	1.8041124150158794e-16	2.2608245126010118e-7	1.061567500570959e-11	6.661338147750939e-16	2.069912051982925e-6	4.440892098500626e-16
0.47252747252747252747252747252747	1.8041124150158794e-16	0.	2.3146539346319273e-7	1.0868486666204547e-11	0.	2.1191942192189117e-6	0.
0.48351648351648351648351648351648	1.1102230246251565e-16	6.938893903907228e-17	2.36848336665485e-7	1.1121201182184848e-11	4.440892098500626e-16	2.1684763185092493e-6	4.440892098500626e-16
0.49450549450549450549450549450549	4.163336342344337e-17	6.938893903907228e-17	2.422312814220895e-7	1.1373832431438302e-11	2.220446049250313e-16	2.2177583500759823e-6	2.220446049250313e-16
0.50549450549450549450549450549451	6.938893903907228e-17	1.1102230246251565e-16	2.4761422713626136e-7	1.1626727358660105e-11	4.440892098500626e-16	2.2670403143632e-6	6.661338147750939e-16
0.51648351648351648351648351648352	4.163336342344337e-17	1.3877787807814457e-16	2.5299717415494527e-7	1.187948350800383e-11	2.220446049250313e-16	2.316322210482724e-6	4.440892098500626e-16
0.52747252747252747252747252747253	2.7755575615628914e-17	1.942890293094024e-16	2.583801223809967e-7	1.2132156390620707e-11	2.220446049250313e-16	2.3656040395447775e-6	0.
0.53846153846153846153846153846154	1.3877787807814457e-16	6.938893903907228e-17	2.637630720364603e-7	1.2384898662176624e-11	4.440892098500626e-16	2.4148858013273156e-6	4.440892098500626e-16
0.54945054945054945054945054945055	1.3877787807814457e-16	1.1102230246251565e-16	2.691460226356135e-7	1.2637724200459388e-11	0.	2.4641674947201153e-6	4.440892098500626e-16
0.56043956043956043956043956043956	1.1102230246251565e-16	0.	2.745289747752011e-7	1.289043871643969e-11	0.	2.5134491208333998e-6	4.440892098500626e-16
0.57142857142857142857142857142857	6.938893903907228e-17	1.3877787807814457e-16	2.799119278307227e-7	1.3143319765873684e-11	4.440892098500626e-16	2.562730679667169e-6	0.
0.58241758241758241758241758241758	1.3877787807814457e-16	2.220446049250313e-16	2.852948823989232e-7	1.3395951015127139e-11	2.220446049250313e-16	2.6120121701112e-6	4.440892098500626e-16
0.59340659340659340659340659340659	1.3877787807814457e-17	6.938893903907228e-17	2.906778380912245e-7	1.3648707164470864e-11	2.220446049250313e-16	2.661293593941849e-6	2.220446049250313e-16
0.6043956043956043956043956043956	4.163336342344337e-17	1.3877787807814457e-16	2.960607949215044e-7	1.390144943602678e-11	0.	2.7105749498268494e-6	4.440892098500626e-16
0.61538461538461538461538461538462	1.8041124150158794e-16	8.326672684688674e-17	3.014437530840519e-7	1.415423334094612e-11	4.440892098500626e-16	2.7598562373221114e-6	2.220446049250313e-16
0.62637362637362637362637362637363	4.163336342344337e-17	1.1102230246251565e-16	3.0682671246784476e-7	1.4407031123653269e-11	4.440892098500626e-16	2.8091374584260365e-6	2.220446049250313e-16
0.63736263736263736263736263736264	4.163336342344337e-17	1.8041124150158794e-16	3.122096731422719e-7	1.4659731761845762e-11	0.	2.858418611806357e-6	0.
0.64835164835164835164835164835165	6.938893903907228e-17	1.8041124150158794e-16	3.175926349824332e-7	1.4912432400038256e-11	4.440892098500626e-16	2.9076996967969393e-6	8.881784197001252e-16
0.65934065934065934065934065934066	8.326672684688674e-17	1.3877787807814457e-16	3.2297559819649546e-7	1.516525793832102e-11	4.440892098500626e-16	2.9569807149520955e-6	4.440892098500626e-16
0.67032967032967032967032967032967	8.326672684688674e-17	1.1102230246251565e-16	3.2835856243751405e-7	1.5418000209876936e-11	4.440892098500626e-16	3.0062616651616025e-6	4.440892098500626e-16
0.68131868131868131868131868131868	0.	2.220446049250313e-16	3.337415280801892e-7	1.567075635922066e-11	2.220446049250313e-16	3.055542547647505e-6	8.881784197001252e-16
0.69230769230769230769230769230769	2.7755575615628914e-17	4.163336342344337e-17	3.391244949163541e-7	1.5923498630776578e-11	8.881784197001252e-16	3.1048233632979816e-6	4.440892098500626e-16
0.7032967032967032967032967032967	4.163336342344337e-17	1.8041124150158794e-16	3.4450746286274203e-7	1.6176254780120303e-11	2.220446049250313e-16	3.154104110336675e-6	4.440892098500626e-16
0.71428571428571428571428571428571	8.326672684688674e-17	2.220446049250313e-16	3.498904321413976e-7	1.6429038685039643e-11	6.661338147750939e-16	3.2033847907619872e-6	8.881784197001252e-16
0.72527472527472527472527472527473	1.5265566588595902e-16	1.942890293094024e-16	3.552734027245652e-7	1.6681739323232136e-11	4.440892098500626e-16	3.252665402797561e-6	6.661338147750939e-16
0.73626373626373626373626373626374	2.7755575615628914e-17	1.3877787807814457e-16	3.606563744318336e-7	1.6934453839212438e-11	8.881784197001252e-16	3.3019459479977087e-6	1.1102230246251565e-15
0.74725274725274725274725274725275	1.5265566588595902e-16	1.942890293094024e-16	3.660393475685142e-7	1.718734876643424e-11	8.881784197001252e-16	3.3512264252522073e-6	6.661338147750939e-16
0.75824175824175824175824175824176	2.220446049250313e-16	1.3877787807814457e-16	3.714223217737844e-7	1.7439993893475503e-11	4.440892098500626e-16	3.4005068345610567e-6	4.440892098500626e-16
0.76923076923076923076923076923077	4.163336342344337e-17	8.326672684688674e-17	3.768052971725444e-7	1.769273616503142e-11	4.440892098500626e-16	3.4497871768124355e-6	4.440892098500626e-16
0.78021978021978021978021978021978	8.326672684688674e-17	2.3592239273284576e-16	3.8218827397296096e-7	1.7945492314375144e-11	6.661338147750939e-16	3.49906745134021e-6	4.440892098500626e-16
0.79120879120879120879120879120879	1.3877787807814457e-17	1.3877787807814457e-16	3.875712518142116e-7	1.8198276219294485e-11	8.881784197001252e-16	3.548347658366424e-6	4.440892098500626e-16
0.8021978021978021978021978021978	8.326672684688674e-17	1.1102230246251565e-16	3.92954231043241e-7	1.845108787978944e-11	8.881784197001252e-16	3.597627797669034e-6	8.881784197001252e-16
0.81318681318681318681318681318681	0.	1.3877787807814457e-16	3.9833721149351575e-7	1.8703830151345358e-11	6.661338147750939e-16	3.6469078692480394e-6	8.881784197001252e-16
0.82417582417582417582417582417582	1.5265566588595902e-16	8.326672684688674e-17	4.037201930956469e-7	1.895647527838662e-11	8.881784197001252e-16	3.696187873325485e-6	4.440892098500626e-16
0.83516483516483516483516483516484	0.	6.938893903907228e-17	4.0910317600229007e-7	1.9209328572245e-11	8.881784197001252e-16	3.7454678103454597e-6	1.1102230246251565e-15
0.84615384615384615384615384615385	1.3877787807814457e-17	1.942890293094024e-16	4.14486160102423e-7	1.9462029210437493e-11	4.440892098500626e-16	3.794747679197741e-6	8.881784197001252e-16
0.85714285714285714285714285714286	4.163336342344337e-17	1.3877787807814457e-16	4.1986914543767906e-7	1.9714813115356833e-11	6.661338147750939e-16	3.844027480548462e-6	4.440892098500626e-16
0.86813186813186813186813186813187	4.163336342344337e-17	1.5265566588595902e-16	4.252521320358138e-7	1.9967569264700558e-11	8.881784197001252e-16	3.893307214619668e-6	6.661338147750939e-16
0.87912087912087912087912087912088	1.1102230246251565e-16	3.469446951953614e-16	4.3063511988294945e-7	2.0220325414044282e-11	6.661338147750939e-16	3.9425868814113585e-6	8.881784197001252e-16
0.89010989010989010989010989010989	1.1102230246251565e-16	1.942890293094024e-16	4.3601810890969706e-7	2.0473109318963623e-11	2.220446049250313e-16	3.991866479813311e-6	4.440892098500626e-16
0.9010989010989010989010989010989	0.	2.914335439641036e-16	4.41401099351979e-7	2.0725809957156116e-11	8.881784197001252e-16	4.041146010935748e-6	8.881784197001252e-16
0.91208791208791208791208791208791	2.7755575615628914e-17	2.3592239273284576e-16	4.467840908906062e-7	2.0978621617651072e-11	8.881784197001252e-16	4.0904254747786695e-6	1.1102230246251565e-15
0.92307692307692307692307692307692	4.163336342344337e-17	8.326672684688674e-17	4.5216708353945645e-7	2.123129450026795e-11	6.661338147750939e-16	4.139704870009808e-6	8.881784197001252e-16
0.93406593406593406593406593406593	6.938893903907228e-17	2.3592239273284576e-16	4.575500776315966e-7	2.148402289403606e-11	8.881784197001252e-16	4.1889841986275655e-6	8.881784197001252e-16
0.94505494505494505494505494505495	1.1102230246251565e-16	2.220446049250313e-16	4.6293307288947094e-7	2.17368067989554e-11	2.220446049250313e-16	4.238263459521718e-6	4.440892098500626e-16
0.95604395604395604395604395604396	4.163336342344337e-17	1.8041124150158794e-16	4.683160693547128e-7	2.1989618459450355e-11	4.440892098500626e-16	4.287542652914311e-6	1.1102230246251565e-15
0.96703296703296703296703296703297	4.163336342344337e-17	3.3306690738754696e-16	4.7369906720773347e-7	2.2242360731006272e-11	8.881784197001252e-16	4.336821778805344e-6	2.220446049250313e-16
0.97802197802197802197802197802198	1.3877787807814457e-16	1.3877787807814457e-16	4.79082066115466e-7	2.249515851371342e-11	4.440892098500626e-16	4.386100836306639e-6	4.440892098500626e-16
0.98901098901098901098901098901099	8.326672684688674e-17	2.3592239273284576e-16	4.844650662166883e-7	2.2747706496240028e-11	4.440892098500626e-16	4.435379827860686e-6	4.440892098500626e-16
1.	0.	2.914335439641036e-16	4.898480677056893e-7	2.3000643056825254e-11	6.661338147750939e-16	4.4846587505809055e-6	1.1102230246251565e-15
1.010989010989010989010989010989	8.326672684688674e-17	1.3877787807814457e-16	4.952310704020579e-7	2.3253274306078708e-11	4.440892098500626e-16	4.533937605799565e-6	4.440892098500626e-16
1.021978021978021978021978021978	8.326672684688674e-17	2.3592239273284576e-16	5.006140742780385e-7	2.3506127599937088e-11	8.881784197001252e-16	4.583216393738709e-6	6.661338147750939e-16
1.032967032967032967032967032967	0.	2.220446049250313e-16	5.059970794585311e-7	2.375884211591739e-11	4.440892098500626e-16	4.632495114176294e-6	8.881784197001252e-16
1.043956043956043956043956043956	2.7755575615628914e-17	2.220446049250313e-16	5.113800858463913e-7	2.4011667654200153e-11	6.661338147750939e-16	4.681773766890274e-6	1.1102230246251565e-15
1.0549450549450549450549450549451	1.3877787807814457e-16	3.0531133177191805e-16	5.167630933999856e-7	2.4264423803543878e-11	6.661338147750939e-16	4.7310523527688275e-6	8.881784197001252e-16
1.0659340659340659340659340659341	4.163336342344337e-17	1.8041124150158794e-16	5.221461023552365e-7	2.451712444173637e-11	2.220446049250313e-16	4.780330869813554e-6	8.881784197001252e-16
1.0769230769230769230769230769231	2.7755575615628914e-17	2.220446049250313e-16	5.275291123096881e-7	2.476990834665571e-11	6.661338147750939e-16	4.829609320022854e-6	6.661338147750939e-16
1.0879120879120879120879120879121	0.	1.8041124150158794e-16	5.329121237906964e-7	2.5022608984848205e-11	8.881784197001252e-16	4.878887702286505e-6	1.1102230246251565e-15
1.0989010989010989010989010989011	2.7755575615628914e-17	1.8041124150158794e-16	5.382951362153943e-7	2.5275406767555353e-11	6.661338147750939e-16	4.92816601771473e-6	6.661338147750939e-16
1.1098901098901098901098901098901	1.1102230246251565e-16	3.0531133177191805e-16	5.436781500278709e-7	2.552814903911127e-11	8.881784197001252e-16	4.977444264531172e-6	1.5543122344752192e-15
1.1208791208791208791208791208791	1.5265566588595902e-16	2.3592239273284576e-16	5.490611651726152e-7	2.5780974577394034e-11	6.661338147750939e-16	5.026722444290144e-6	8.881784197001252e-16
1.1318681318681318681318681318681	2.7755575615628914e-17	2.3592239273284576e-16	5.544441814275824e-7	2.603371684894995e-11	8.881784197001252e-16	5.076000556325511e-6	1.1102230246251565e-15
1.1428571428571428571428571428571	6.938893903907228e-17	3.3306690738754696e-16	5.598271989037951e-7	2.6286459120505867e-11	6.661338147750939e-16	5.125278601081362e-6	1.1102230246251565e-15
1.1538461538461538461538461538462	0.	3.3306690738754696e-16	5.652102175734974e-7	2.6539132003122745e-11	4.440892098500626e-16	5.1745565785576986e-6	6.661338147750939e-16
1.1648351648351648351648351648352	2.7755575615628914e-17	2.220446049250313e-16	5.705932375615896e-7	2.6791915908042085e-11	4.440892098500626e-16	5.223834487866341e-6	8.881784197001252e-16
1.1758241758241758241758241758242	4.163336342344337e-17	2.220446049250313e-16	5.759762588680717e-7	2.7044644301810195e-11	6.661338147750939e-16	5.273112329673424e-6	4.440892098500626e-16
1.1868131868131868131868131868132	4.163336342344337e-17	1.3877787807814457e-16	5.813592812986546e-7	2.7297428206729535e-11	1.1102230246251565e-15	5.3223901046450806e-6	1.1102230246251565e-15
1.1978021978021978021978021978022	1.942890293094024e-16	2.3592239273284576e-16	5.867423051170162e-7	2.755004557819518e-11	6.661338147750939e-16	5.371667811671088e-6	6.661338147750939e-16
1.2087912087912087912087912087912	2.7755575615628914e-17	1.3877787807814457e-16	5.921253299345786e-7	2.7802996016568216e-11	1.1102230246251565e-15	5.420945451195536e-6	4.440892098500626e-16
1.2197802197802197802197802197802	1.3877787807814457e-16	3.0531133177191805e-16	5.975083560705308e-7	2.8055668899185093e-11	4.440892098500626e-16	5.47022302255229e-6	1.1102230246251565e-15
1.2307692307692307692307692307692	8.326672684688674e-17	1.942890293094024e-16	6.02891383510995e-7	2.8308452804104434e-11	8.881784197001252e-16	5.519500526629528e-6	1.1102230246251565e-15
1.2417582417582417582417582417582	6.938893903907228e-17	1.1102230246251565e-16	6.082744120755601e-7	2.8561236709023774e-11	8.881784197001252e-16	5.568777963649296e-6	1.3322676295501878e-15
1.2527472527472527472527472527473	1.1102230246251565e-16	1.942890293094024e-16	6.136574419446372e-7	2.8813965102791883e-11	6.661338147750939e-16	5.6180553325013705e-6	1.1102230246251565e-15
1.2637362637362637362637362637363	2.7755575615628914e-17	1.5265566588595902e-16	6.190404731043486e-7	2.9066749007711223e-11	1.1102230246251565e-15	5.667332634518019e-6	6.661338147750939e-16
1.2747252747252747252747252747253	4.163336342344337e-17	3.0531133177191805e-16	6.24423505443672e-7	2.93194218903281e-11	1.3322676295501878e-15	5.716609868589018e-6	1.1102230246251565e-15
1.2857142857142857142857142857143	2.7755575615628914e-17	2.220446049250313e-16	6.298065390597518e-7	2.9572247428610865e-11	1.5543122344752192e-15	5.765887034714368e-6	4.440892098500626e-16
1.2967032967032967032967032967033	1.1102230246251565e-16	1.8041124150158794e-16	6.351895738415658e-7	2.982498970016678e-11	8.881784197001252e-16	5.815164133782247e-6	1.1102230246251565e-15
1.3076923076923076923076923076923	2.7755575615628914e-17	2.220446049250313e-16	6.405726098307474e-7	3.0077745849510507e-11	8.881784197001252e-16	5.864441165126522e-6	8.881784197001252e-16
1.3186813186813186813186813186813	4.163336342344337e-17	1.5265566588595902e-16	6.459556472077077e-7	3.033052975442985e-11	6.661338147750939e-16	5.913718128303103e-6	1.3322676295501878e-15
1.3296703296703296703296703296703	1.3877787807814457e-17	2.220446049250313e-16	6.513386857781578e-7	3.058317488147111e-11	4.440892098500626e-16	5.962995024422213e-6	1.1102230246251565e-15
1.3406593406593406593406593406593	2.7755575615628914e-17	1.8041124150158794e-16	6.567217255004643e-7	3.083606980869291e-11	8.881784197001252e-16	6.012271853705897e-6	1.1102230246251565e-15
1.3516483516483516483516483516484	4.163336342344337e-17	2.914335439641036e-16	6.621047664717716e-7	3.108868718015856e-11	6.661338147750939e-16	6.0615486143777986e-6	1.3322676295501878e-15
1.3626373626373626373626373626374	6.938893903907228e-17	2.220446049250313e-16	6.674878087614688e-7	3.1341568229592554e-11	1.1102230246251565e-15	6.110825307992229e-6	4.440892098500626e-16
1.3736263736263736263736263736264	6.938893903907228e-17	2.914335439641036e-16	6.728708521336335e-7	3.159419947884601e-11	8.881784197001252e-16	6.160101934549189e-6	1.3322676295501878e-15
1.3846153846153846153846153846154	2.7755575615628914e-17	1.942890293094024e-16	6.782538968796992e-7	3.1846941750401925e-11	6.661338147750939e-16	6.209378492716411e-6	6.661338147750939e-16
1.3956043956043956043956043956044	8.326672684688674e-17	2.220446049250313e-16	6.836369428192546e-7	3.2099795044260304e-11	4.440892098500626e-16	6.258654983604117e-6	1.1102230246251565e-15
1.4065934065934065934065934065934	2.7755575615628914e-17	1.942890293094024e-16	6.890199899939331e-7	3.235259282696745e-11	4.440892098500626e-16	6.3079314065461745e-6	8.881784197001252e-16
1.4175824175824175824175824175824	0.	1.1102230246251565e-16	6.944030385563904e-7	3.260526570958433e-11	6.661338147750939e-16	6.357207762652806e-6	1.7763568394002505e-15
1.4285714285714285714285714285714	0.	2.636779683484747e-16	6.997860881874374e-7	3.285803573671586e-11	8.881784197001252e-16	6.4064840503696985e-6	8.881784197001252e-16
1.4395604395604395604395604395604	4.163336342344337e-17	1.8041124150158794e-16	7.051691390952408e-7	3.3110736374908356e-11	1.3322676295501878e-15	6.455760271917299e-6	6.661338147750939e-16
1.4505494505494505494505494505495	4.163336342344337e-17	1.8041124150158794e-16	7.105521911687784e-7	3.336350640203989e-11	1.1102230246251565e-15	6.505036425075161e-6	1.1102230246251565e-15
1.4615384615384615384615384615385	8.326672684688674e-17	2.220446049250313e-16	7.159352445051947e-7	3.361634581811046e-11	1.1102230246251565e-15	6.554312511175553e-6	1.1102230246251565e-15
1.4725274725274725274725274725275	1.3877787807814457e-17	1.942890293094024e-16	7.213182991044897e-7	3.386907421187857e-11	1.3322676295501878e-15	6.603588528442117e-6	1.1102230246251565e-15
1.4835164835164835164835164835165	8.326672684688674e-17	1.942890293094024e-16	7.267013548556411e-7	3.412177485007106e-11	1.5543122344752192e-15	6.652864479317344e-6	1.1102230246251565e-15
1.4945054945054945054945054945055	1.3877787807814457e-17	1.8041124150158794e-16	7.32084412077838e-7	3.437443385490013e-11	8.881784197001252e-16	6.702140362246922e-6	8.881784197001252e-16
1.5054945054945054945054945054945	2.7755575615628914e-17	2.3592239273284576e-16	7.37467470340869e-7	3.4627273270970704e-11	8.881784197001252e-16	6.751416177452896e-6	1.3322676295501878e-15
1.5164835164835164835164835164835	0.	2.220446049250313e-16	7.428505298667787e-7	3.488001554252662e-11	4.440892098500626e-16	6.800691925823443e-6	1.1102230246251565e-15
1.5274725274725274725274725274725	2.7755575615628914e-17	2.914335439641036e-16	7.48233590655567e-7	3.5132868836385e-11	1.5543122344752192e-15	6.849967606248342e-6	1.3322676295501878e-15
1.5384615384615384615384615384615	4.163336342344337e-17	1.942890293094024e-16	7.53616652582334e-7	3.53855833523653e-11	1.1102230246251565e-15	6.899243219393725e-6	1.1102230246251565e-15
1.5494505494505494505494505494505	1.942890293094024e-16	2.636779683484747e-16	7.589997159523909e-7	3.5638228479406564e-11	1.1102230246251565e-15	6.948518764371414e-6	1.5543122344752192e-15
1.5604395604395604395604395604396	1.3877787807814457e-17	1.942890293094024e-16	7.643827803355263e-7	3.589104013990152e-11	8.881784197001252e-16	6.997794242069588e-6	1.5543122344752192e-15
1.5714285714285714285714285714286	2.7755575615628914e-17	2.220446049250313e-16	7.697658460370516e-7	3.6143851800396476e-11	8.881784197001252e-16	7.047069652266202e-6	1.1102230246251565e-15
1.5824175824175824175824175824176	2.7755575615628914e-17	2.220446049250313e-16	7.751489130569666e-7	3.6396580194164585e-11	6.661338147750939e-16	7.096344994961257e-6	1.5543122344752192e-15
1.5934065934065934065934065934066	4.163336342344337e-17	2.220446049250313e-16	7.805319813258826e-7	3.664925307678146e-11	1.3322676295501878e-15	7.1456202699327065e-6	1.7763568394002505e-15
1.6043956043956043956043956043956	2.7755575615628914e-17	1.942890293094024e-16	7.859150507050217e-7	3.690210637063984e-11	1.5543122344752192e-15	7.194895477846686e-6	1.7763568394002505e-15
1.6153846153846153846153846153846	1.8041124150158794e-16	2.220446049250313e-16	7.912981213747949e-7	3.71549180311348e-11	8.881784197001252e-16	7.24417061803706e-6	1.7763568394002505e-15
1.6263736263736263736263736263736	2.7755575615628914e-17	2.914335439641036e-16	7.966811933629581e-7	3.740756315817606e-11	1.1102230246251565e-15	7.293445690281786e-6	1.1102230246251565e-15
1.6373626373626373626373626373626	0.	3.0531133177191805e-16	8.02064266475222e-7	3.766022216300513e-11	8.881784197001252e-16	7.3427206954690405e-6	1.3322676295501878e-15
1.6483516483516483516483516483516	6.938893903907228e-17	1.3877787807814457e-16	8.07447340891998e-7	3.791313096801474e-11	1.3322676295501878e-15	7.391995632932691e-6	1.1102230246251565e-15
1.6593406593406593406593406593407	0.	2.636779683484747e-16	8.128304165022637e-7	3.816584548399504e-11	1.3322676295501878e-15	7.441270502894781e-6	1.3322676295501878e-15
1.6703296703296703296703296703297	4.163336342344337e-17	2.3592239273284576e-16	8.182134933615304e-7	3.841857387776315e-11	1.3322676295501878e-15	7.4905453049112225e-6	1.5543122344752192e-15
1.6813186813186813186813186813187	4.163336342344337e-17	3.0531133177191805e-16	8.235965714836757e-7	3.867135778268249e-11	8.881784197001252e-16	7.539820040092238e-6	1.3322676295501878e-15
1.6923076923076923076923076923077	8.326672684688674e-17	3.3306690738754696e-16	8.289796508686997e-7	3.8924127809814024e-11	6.661338147750939e-16	7.589094707327604e-6	8.881784197001252e-16
1.7032967032967032967032967032967	0.	1.8041124150158794e-16	8.343627313639468e-7	3.9176911714733365e-11	1.3322676295501878e-15	7.63836930661732e-6	1.1102230246251565e-15
1.7142857142857142857142857142857	1.3877787807814457e-17	2.636779683484747e-16	8.397458131914615e-7	3.942972337522832e-11	8.881784197001252e-16	7.687643839293656e-6	1.1102230246251565e-15
1.7252747252747252747252747252747	2.7755575615628914e-17	1.942890293094024e-16	8.451288961153214e-7	3.968243789120862e-11	8.881784197001252e-16	7.736918303358209e-6	1.5543122344752192e-15
1.7362637362637362637362637362637	2.7755575615628914e-17	1.942890293094024e-16	8.50511980496349e-7	3.9935263429491386e-11	1.5543122344752192e-15	7.786192701031425e-6	1.5543122344752192e-15
1.7472527472527472527472527472527	2.7755575615628914e-17	2.3592239273284576e-16	8.558950658904552e-7	4.0187922434320456e-11	1.5543122344752192e-15	7.835467030981036e-6	1.5543122344752192e-15
1.7582417582417582417582417582418	2.7755575615628914e-17	2.3592239273284576e-16	8.61278152741729e-7	4.044067858366418e-11	8.881784197001252e-16	7.884741292984998e-6	1.5543122344752192e-15
1.7692307692307692307692307692308	1.3877787807814457e-17	2.3592239273284576e-16	8.666612406754703e-7	4.069329595512983e-11	1.1102230246251565e-15	7.9340154874874e-6	8.881784197001252e-16
1.7802197802197802197802197802198	4.163336342344337e-17	3.0531133177191805e-16	8.720443300663794e-7	4.09461353712004e-11	6.661338147750939e-16	7.983289614488243e-6	8.881784197001252e-16
1.7912087912087912087912087912088	6.938893903907228e-17	1.942890293094024e-16	8.774274204287336e-7	4.119896090948316e-11	8.881784197001252e-16	8.032563673987525e-6	1.5543122344752192e-15
1.8021978021978021978021978021978	2.7755575615628914e-17	2.636779683484747e-16	8.828105120123331e-7	4.1451661547675656e-11	1.1102230246251565e-15	8.081837666207292e-6	1.1102230246251565e-15
1.8131868131868131868131868131868	0.	3.7470027081099033e-16	8.881936050531003e-7	4.170436218586815e-11	1.1102230246251565e-15	8.131111590259366e-6	1.3322676295501878e-15
1.8241758241758241758241758241758	1.1102230246251565e-16	3.7470027081099033e-16	8.935766991624572e-7	4.195714609078749e-11	1.3322676295501878e-15	8.180385447698058e-6	1.5543122344752192e-15
1.8351648351648351648351648351648	1.3877787807814457e-17	2.3592239273284576e-16	8.98959794520815e-7	4.2210082651372716e-11	1.3322676295501878e-15	8.229659236747011e-6	1.3322676295501878e-15
1.8461538461538461538461538461538	1.3877787807814457e-17	4.163336342344337e-16	9.04342891239196e-7	4.2462755533989593e-11	1.5543122344752192e-15	8.278932958738494e-6	1.5543122344752192e-15
1.8571428571428571428571428571429	8.326672684688674e-17	2.220446049250313e-16	9.097259891371889e-7	4.2715539438908934e-11	1.5543122344752192e-15	8.328206612784328e-6	1.1102230246251565e-15
1.8681318681318681318681318681319	0.	1.942890293094024e-16	9.151090881592827e-7	4.296822619931362e-11	1.1102230246251565e-15	8.377480199772691e-6	1.5543122344752192e-15
1.8791208791208791208791208791209	8.326672684688674e-17	2.220446049250313e-16	9.204921885830331e-7	4.322095459308173e-11	1.5543122344752192e-15	8.42675371903745e-6	1.3322676295501878e-15
1.8901098901098901098901098901099	2.7755575615628914e-17	2.914335439641036e-16	9.258752901863954e-7	4.3473821764727916e-11	1.3322676295501878e-15	8.476027170578604e-6	1.5543122344752192e-15
1.9010989010989010989010989010989	2.7755575615628914e-17	3.7470027081099033e-16	9.312583928305918e-7	4.372646689176918e-11	1.3322676295501878e-15	8.525300555284332e-6	1.3322676295501878e-15
1.9120879120879120879120879120879	2.7755575615628914e-17	3.469446951953614e-16	9.366414970429782e-7	4.397916752996167e-11	1.5543122344752192e-15	8.574573871378277e-6	1.5543122344752192e-15
1.9230769230769230769230769230769	8.326672684688674e-17	2.914335439641036e-16	9.420246023100765e-7	4.423197919045663e-11	1.5543122344752192e-15	8.623847120636796e-6	1.7763568394002505e-15
1.9340659340659340659340659340659	0.	2.914335439641036e-16	9.474077088122979e-7	4.448474921758816e-11	1.3322676295501878e-15	8.673120302393755e-6	1.5543122344752192e-15
1.9450549450549450549450549450549	1.1102230246251565e-16	3.0531133177191805e-16	9.527908166190313e-7	4.4737435977992845e-11	1.7763568394002505e-15	8.722393417093244e-6	1.3322676295501878e-15
1.956043956043956043956043956044	4.163336342344337e-17	2.914335439641036e-16	9.581739255637434e-7	4.4990219882912186e-11	8.881784197001252e-16	8.771666462958905e-6	6.661338147750939e-16
1.967032967032967032967032967033	4.163336342344337e-17	8.326672684688674e-17	9.635570357990897e-7	4.5242948276680295e-11	8.881784197001252e-16	8.82093944198914e-6	1.5543122344752192e-15
1.978021978021978021978021978022	6.938893903907228e-17	3.469446951953614e-16	9.68940147338948e-7	4.5495732181599635e-11	1.5543122344752192e-15	8.87021235373986e-6	1.9984014443252818e-15
1.989010989010989010989010989011	6.938893903907228e-17	2.914335439641036e-16	9.743232601833185e-7	4.574850220873117e-11	8.881784197001252e-16	8.919485197766974e-6	1.5543122344752192e-15
2.	6.938893903907228e-17	3.0531133177191805e-16	9.797063740824008e-7	4.6001244480287085e-11	1.3322676295501878e-15	8.968757974514574e-6	1.7763568394002505e-15
2.010989010989010989010989010989	1.3877787807814457e-17	3.0531133177191805e-16	9.850894892027284e-7	4.625400062963081e-11	1.3322676295501878e-15	9.01803068353857e-6	1.5543122344752192e-15
2.021978021978021978021978021978	6.938893903907228e-17	3.0531133177191805e-16	9.904726056692015e-7	4.650671514561111e-11	8.881784197001252e-16	9.067303325061005e-6	1.1102230246251565e-15
2.032967032967032967032967032967	1.1102230246251565e-16	3.3306690738754696e-16	9.958557232597753e-7	4.675963782840853e-11	1.5543122344752192e-15	9.11657589908188e-6	1.1102230246251565e-15
2.043956043956043956043956043956	4.163336342344337e-17	2.914335439641036e-16	1.0012388421132279e-6	4.701224132208637e-11	1.5543122344752192e-15	9.165848405601196e-6	1.1102230246251565e-15
2.0549450549450549450549450549451	2.7755575615628914e-17	1.942890293094024e-16	1.0066219624099704e-6	4.7264983593642285e-11	1.5543122344752192e-15	9.215120844174862e-6	1.7763568394002505e-15
2.0659340659340659340659340659341	0.	2.914335439641036e-16	1.0120050836920358e-6	4.751773974298601e-11	1.3322676295501878e-15	9.264393216357192e-6	1.9984014443252818e-15
2.0769230769230769230769230769231	4.163336342344337e-17	2.3592239273284576e-16	1.0173882061953465e-6	4.777052364790535e-11	1.5543122344752192e-15	9.313665520149783e-6	1.7763568394002505e-15
2.0879120879120879120879120879121	0.	2.220446049250313e-16	1.0227713301141916e-6	4.8023279797249074e-11	1.5543122344752192e-15	9.36293775621877e-6	1.7763568394002505e-15
2.0989010989010989010989010989011	4.163336342344337e-17	1.942890293094024e-16	1.0281544551571375e-6	4.827602206880499e-11	1.5543122344752192e-15	9.412209925008241e-6	1.5543122344752192e-15
2.1098901098901098901098901098901	1.3877787807814457e-17	2.3592239273284576e-16	1.0335375815184733e-6	4.8528792095936524e-11	1.3322676295501878e-15	9.461482026962287e-6	1.7763568394002505e-15
2.1208791208791208791208791208791	4.163336342344337e-17	3.3306690738754696e-16	1.0389207090177877e-6	4.878147885634121e-11	1.5543122344752192e-15	9.510754060748638e-6	1.3322676295501878e-15
2.1318681318681318681318681318681	2.7755575615628914e-17	3.3306690738754696e-16	1.0443038379048808e-6	4.9034290516836165e-11	1.3322676295501878e-15	9.560026026811386e-6	1.7763568394002505e-15
2.1428571428571428571428571428571	0.	2.636779683484747e-16	1.0496869678605636e-6	4.928692176608962e-11	1.3322676295501878e-15	9.609297925816662e-6	1.7763568394002505e-15
2.1538461538461538461538461538462	4.163336342344337e-17	3.3306690738754696e-16	1.0550700992456585e-6	4.953978893773581e-11	1.1102230246251565e-15	9.658569757098334e-6	1.9984014443252818e-15
2.1648351648351648351648351648352	1.3877787807814457e-17	3.3306690738754696e-16	1.0604532316299542e-6	4.979257284265515e-11	1.1102230246251565e-15	9.707841521100491e-6	1.3322676295501878e-15
2.1758241758241758241758241758242	0.	3.0531133177191805e-16	1.0658363652910063e-6	5.0045315114211064e-11	1.5543122344752192e-15	9.757113217156999e-6	1.5543122344752192e-15
2.1868131868131868131868131868132	4.163336342344337e-17	2.3592239273284576e-16	1.0712195003675928e-6	5.029805738576698e-11	1.3322676295501878e-15	9.80638484593399e-6	1.5543122344752192e-15
2.1978021978021978021978021978022	2.7755575615628914e-17	3.7470027081099033e-16	1.0766026365405246e-6	5.055085516847413e-11	1.5543122344752192e-15	9.855656407875557e-6	1.5543122344752192e-15
2.2087912087912087912087912087912	1.1102230246251565e-16	3.7470027081099033e-16	1.0819857738236793e-6	5.080355580666662e-11	1.1102230246251565e-15	9.904927900761251e-6	1.1102230246251565e-15
2.2197802197802197802197802197802	2.7755575615628914e-17	3.469446951953614e-16	1.0873689125778796e-6	5.1056270322646924e-11	1.9984014443252818e-15	9.954199327255608e-6	1.7763568394002505e-15
2.2307692307692307692307692307692	1.3877787807814457e-17	2.3592239273284576e-16	1.0927520526227141e-6	5.1308929327475994e-11	1.3322676295501878e-15	0.000010003470686026361	1.3322676295501878e-15
2.2417582417582417582417582417582	8.326672684688674e-17	3.7470027081099033e-16	1.0981351937777717e-6	5.156186588806122e-11	1.5543122344752192e-15	0.000010052741977517599	1.5543122344752192e-15
2.2527472527472527472527472527473	6.938893903907228e-17	3.0531133177191805e-16	1.1035183361124412e-6	5.18145387706781e-11	1.3322676295501878e-15	0.000010102013201285232	1.9984014443252818e-15
2.2637362637362637362637362637363	0.	3.7470027081099033e-16	1.1089014796822338e-6	5.206726716444621e-11	1.5543122344752192e-15	0.00001015128435732926	1.1102230246251565e-15
2.2747252747252747252747252747253	4.163336342344337e-17	2.3592239273284576e-16	1.1142846246814386e-6	5.232007882494116e-11	1.9984014443252818e-15	0.000010200555445871728	1.5543122344752192e-15
2.2857142857142857142857142857143	4.163336342344337e-17	3.0531133177191805e-16	1.1196677706659663e-6	5.257282109649708e-11	1.3322676295501878e-15	0.000010249826467356726	1.9984014443252818e-15
2.2967032967032967032967032967033	1.3877787807814457e-17	3.469446951953614e-16	1.1250509180382728e-6	5.282560500141642e-11	1.5543122344752192e-15	0.00001029909742067403	1.7763568394002505e-15
2.3076923076923076923076923076923	2.7755575615628914e-17	3.7470027081099033e-16	1.1304340665346801e-6	5.30782778840333e-11	1.1102230246251565e-15	0.000010348368307155908	1.5543122344752192e-15
2.3186813186813186813186813186813	1.3877787807814457e-17	2.3592239273284576e-16	1.1358172163911107e-6	5.333103403337702e-11	1.9984014443252818e-15	0.000010397639126136227	1.7763568394002505e-15
2.3296703296703296703296703296703	1.3877787807814457e-17	3.0531133177191805e-16	1.1412003674271531e-6	5.358384569387198e-11	1.7763568394002505e-15	0.000010446909876726806	1.7763568394002505e-15
2.3406593406593406593406593406593	1.3877787807814457e-17	3.469446951953614e-16	1.1465835197815855e-6	5.383662959879132e-11	1.7763568394002505e-15	0.00001049618056048196	1.9984014443252818e-15
2.3516483516483516483516483516484	1.3877787807814457e-17	3.0531133177191805e-16	1.1519666733295075e-6	5.408927472583258e-11	1.5543122344752192e-15	0.000010545451176291465	1.9984014443252818e-15
2.3626373626373626373626373626374	8.326672684688674e-17	3.3306690738754696e-16	1.1573498281125527e-6	5.434208638632754e-11	1.9984014443252818e-15	0.000010594721725487588	1.9984014443252818e-15
2.3736263736263736263736263736264	1.3877787807814457e-17	3.3306690738754696e-16	1.1627329839086764e-6	5.4594884169034685e-11	1.7763568394002505e-15	0.000010643992206293973	1.7763568394002505e-15
2.3846153846153846153846153846154	6.938893903907228e-17	3.3306690738754696e-16	1.1681161411758456e-6	5.4847543173863755e-11	1.9984014443252818e-15	0.000010693262620264932	1.9984014443252818e-15
2.3956043956043956043956043956044	4.163336342344337e-17	3.3306690738754696e-16	1.173499299678138e-6	5.510038258993433e-11	1.9984014443252818e-15	0.000010742532966068197	1.5543122344752192e-15
2.4065934065934065934065934065934	1.3877787807814457e-17	3.0531133177191805e-16	1.1788824593322866e-6	5.5352930572460934e-11	1.5543122344752192e-15	0.000010791803244813991	2.220446049250313e-15
2.4175824175824175824175824175824	1.3877787807814457e-17	3.885780586188048e-16	1.1842656202909474e-6	5.560582549968274e-11	1.9984014443252818e-15	0.000010841073455836181	1.7763568394002505e-15
2.4285714285714285714285714285714	2.7755575615628914e-17	3.469446951953614e-16	1.1896487825541202e-6	5.5858678793541117e-11	1.5543122344752192e-15	0.000010890343600022945	1.9984014443252818e-15
2.4395604395604395604395604395604	4.163336342344337e-17	3.7470027081099033e-16	1.1950319459552716e-6	5.611132392058238e-11	1.5543122344752192e-15	0.00001093961367581997	1.5543122344752192e-15
2.4505494505494505494505494505495	0.	3.7470027081099033e-16	1.200415110466646e-6	5.636409394771391e-11	1.9984014443252818e-15	0.000010988883683893391	1.9984014443252818e-15
2.4615384615384615384615384615385	2.7755575615628914e-17	3.885780586188048e-16	1.2057982765045772e-6	5.6616863974845444e-11	1.5543122344752192e-15	0.00001103815362579752	1.9984014443252818e-15
2.4725274725274725274725274725275	4.163336342344337e-17	3.0531133177191805e-16	1.2111814435000756e-6	5.6869647879764784e-11	1.5543122344752192e-15	0.000011087423499533955	1.9984014443252818e-15
2.4835164835164835164835164835165	8.326672684688674e-17	3.0531133177191805e-16	1.216564611744575e-6	5.7122431784684125e-11	1.9984014443252818e-15	0.00001113669330576883	1.9984014443252818e-15
2.4945054945054945054945054945055	6.938893903907228e-17	3.885780586188048e-16	1.221947781446242e-6	5.7375104667301e-11	1.3322676295501878e-15	0.0000111859630442801	1.9984014443252818e-15
2.5054945054945054945054945054945	6.938893903907228e-17	2.914335439641036e-16	1.2273309523830322e-6	5.7627874694432535e-11	1.5543122344752192e-15	0.000011235232715511856	2.6645352591003757e-15
2.5164835164835164835164835164835	0.	4.163336342344337e-16	1.232714124263512e-6	5.7880658599351875e-11	1.7763568394002505e-15	0.000011284502319020007	2.4424906541753444e-15
2.5274725274725274725274725274725	6.938893903907228e-17	3.885780586188048e-16	1.238097297628915e-6	5.81334147486956e-11	1.9984014443252818e-15	0.000011333771855248642	2.6645352591003757e-15
2.5384615384615384615384615384615	2.7755575615628914e-17	3.7470027081099033e-16	1.2434804722016857e-6	5.838611538688809e-11	1.5543122344752192e-15	0.000011383041323531629	1.7763568394002505e-15
2.5494505494505494505494505494505	6.938893903907228e-17	4.163336342344337e-16	1.2488636479263127e-6	5.863889929180743e-11	1.9984014443252818e-15	0.000011432310725423278	1.9984014443252818e-15
2.5604395604395604395604395604396	0.	3.7470027081099033e-16	1.2542468249276961e-6	5.889169707451458e-11	1.7763568394002505e-15	0.00001148158005892519	1.7763568394002505e-15
2.5714285714285714285714285714286	1.6653345369377348e-16	2.914335439641036e-16	1.2596300031919583e-6	5.914442546828269e-11	1.9984014443252818e-15	0.000011530849324481451	1.7763568394002505e-15
2.5824175824175824175824175824176	1.3877787807814457e-17	2.3592239273284576e-16	1.2650131826219546e-6	5.939700120638491e-11	1.5543122344752192e-15	0.000011580118523868421	1.7763568394002505e-15
2.5934065934065934065934065934066	2.7755575615628914e-17	3.7470027081099033e-16	1.2703963633842186e-6	5.964992388918233e-11	1.9984014443252818e-15	0.000011629387654643608	1.9984014443252818e-15
2.6043956043956043956043956043956	1.3877787807814457e-17	4.163336342344337e-16	1.2757795453399723e-6	5.990266616073825e-11	1.5543122344752192e-15	0.000011678656718583369	1.9984014443252818e-15
2.6153846153846153846153846153846	0.	3.0531133177191805e-16	1.2811627285863603e-6	6.015539455450636e-11	1.7763568394002505e-15	0.000011727925714799525	1.7763568394002505e-15
2.6263736263736263736263736263736	8.326672684688674e-17	4.163336342344337e-16	1.286545912956849e-6	6.04081784594257e-11	1.9984014443252818e-15	0.000011777194643736166	1.5543122344752192e-15
2.6373626373626373626373626373626	4.163336342344337e-17	3.885780586188048e-16	1.2919290986734833e-6	6.066099011992065e-11	1.5543122344752192e-15	0.000011826463504505114	1.7763568394002505e-15
2.6483516483516483516483516483516	2.7755575615628914e-17	4.163336342344337e-16	1.2973122854448293e-6	6.09137879026278e-11	1.5543122344752192e-15	0.000011875732298882724	1.5543122344752192e-15
2.6593406593406593406593406593407	1.3877787807814457e-17	4.440892098500626e-16	1.3026954735206875e-6	6.116640527409345e-11	1.7763568394002505e-15	0.000011925001025314685	1.9984014443252818e-15
2.6703296703296703296703296703297	8.326672684688674e-17	3.885780586188048e-16	1.308078663081469e-6	6.141918917901279e-11	1.7763568394002505e-15	0.000011974269683800998	2.6645352591003757e-15
2.6813186813186813186813186813187	1.3877787807814457e-17	3.469446951953614e-16	1.3134618536136955e-6	6.167194532835651e-11	1.7763568394002505e-15	0.00001202353827522984	1.9984014443252818e-15
2.6923076923076923076923076923077	2.7755575615628914e-17	3.469446951953614e-16	1.3188450454920675e-6	6.192472923327585e-11	1.9984014443252818e-15	0.000012072806798935076	1.9984014443252818e-15
2.7032967032967032967032967032967	4.163336342344337e-17	4.85722573273506e-16	1.3242282386055626e-6	6.217748538261958e-11	1.5543122344752192e-15	0.00001212207525447262	2.220446049250313e-15
2.7142857142857142857142857142857	8.326672684688674e-17	3.885780586188048e-16	1.3296114328292807e-6	6.243014438744865e-11	1.5543122344752192e-15	0.00001217134364384087	1.9984014443252818e-15
2.7252747252747252747252747252747	0.	4.996003610813204e-16	1.3349946284407777e-6	6.268290053679237e-11	1.9984014443252818e-15	0.000012220611965263473	1.9984014443252818e-15
2.7362637362637362637362637362637	1.3877787807814457e-17	4.440892098500626e-16	1.3403778251902532e-6	6.293575383065075e-11	1.5543122344752192e-15	0.000012269880219184515	1.7763568394002505e-15
2.7472527472527472527472527472527	0.	3.3306690738754696e-16	1.3457610233275075e-6	6.318842671326763e-11	1.9984014443252818e-15	0.000012319148405826041	1.9984014443252818e-15
2.7582417582417582417582417582418	0.	4.579669976578771e-16	1.3511442225194736e-6	6.344116898482355e-11	1.9984014443252818e-15	0.000012368416524743964	2.220446049250313e-15
2.7692307692307692307692307692308	4.163336342344337e-17	3.0531133177191805e-16	1.3565274229743185e-6	6.369395288974289e-11	1.9984014443252818e-15	0.000012417684575938281	2.220446049250313e-15
2.7802197802197802197802197802198	1.3877787807814457e-17	4.163336342344337e-16	1.361910624636531e-6	6.394670903908661e-11	2.6645352591003757e-15	0.000012466952559853084	1.9984014443252818e-15
2.7912087912087912087912087912088	4.163336342344337e-17	3.885780586188048e-16	1.367293827755911e-6	6.419947906621815e-11	2.220446049250313e-15	0.000012516220476488371	2.4424906541753444e-15
2.8021978021978021978021978021978	6.938893903907228e-17	4.996003610813204e-16	1.3726770318744919e-6	6.445222133777406e-11	2.4424906541753444e-15	0.000012565488325400054	2.6645352591003757e-15
2.8131868131868131868131868131868	8.326672684688674e-17	4.163336342344337e-16	1.3780602373253403e-6	6.470506075384463e-11	1.9984014443252818e-15	0.000012614756107032221	1.9984014443252818e-15
2.8241758241758241758241758241758	2.7755575615628914e-17	4.163336342344337e-16	1.3834434441223342e-6	6.495777526982494e-11	2.4424906541753444e-15	0.000012664023820940784	2.6645352591003757e-15
2.8351648351648351648351648351648	0.	4.440892098500626e-16	1.38882665197404e-6	6.521050366359304e-11	2.6645352591003757e-15	0.000012713291467125742	2.4424906541753444e-15
2.8461538461538461538461538461538	4.163336342344337e-17	4.163336342344337e-16	1.3942098611718912e-6	6.546323205736115e-11	2.220446049250313e-15	0.000012762559046475275	2.220446049250313e-15
2.8571428571428571428571428571429	6.938893903907228e-17	3.885780586188048e-16	1.3995930715493543e-6	6.571593269555365e-11	1.9984014443252818e-15	0.000012811826557879158	2.220446049250313e-15
2.8681318681318681318681318681319	1.3877787807814457e-17	4.440892098500626e-16	1.404976283134185e-6	6.596882762277545e-11	1.9984014443252818e-15	0.00001286109400222557	1.9984014443252818e-15
2.8791208791208791208791208791209	1.1102230246251565e-16	4.440892098500626e-16	1.4103594960374055e-6	6.622154213875575e-11	2.6645352591003757e-15	0.000012910361379070423	2.6645352591003757e-15
2.8901098901098901098901098901099	4.163336342344337e-17	3.7470027081099033e-16	1.4157427101618714e-6	6.647425665473605e-11	2.6645352591003757e-15	0.000012959628688413716	1.9984014443252818e-15
2.9010989010989010989010989010989	2.7755575615628914e-17	4.85722573273506e-16	1.421125925479827e-6	6.672709607080662e-11	2.6645352591003757e-15	0.000013008895930033404	2.220446049250313e-15
2.9120879120879120879120879120879	1.3877787807814457e-17	3.885780586188048e-16	1.4265091419912723e-6	6.697982446457473e-11	2.220446049250313e-15	0.000013058163103707443	2.6645352591003757e-15
2.9230769230769230769230769230769	1.6653345369377348e-16	3.469446951953614e-16	1.4318923598211075e-6	6.723260836949407e-11	2.4424906541753444e-15	0.000013107430210324011	2.220446049250313e-15
2.9340659340659340659340659340659	0.	4.163336342344337e-16	1.4372755789138214e-6	6.748526737432314e-11	1.9984014443252818e-15	0.000013156697249661065	2.220446049250313e-15
2.9450549450549450549450549450549	8.326672684688674e-17	4.163336342344337e-16	1.4426587991028805e-6	6.773816230154495e-11	2.220446049250313e-15	0.000013205964221718602	2.220446049250313e-15
2.956043956043956043956043956044	8.326672684688674e-17	3.7470027081099033e-16	1.4480420206935962e-6	6.79907935507984e-11	2.220446049250313e-15	0.000013255231125608447	2.4424906541753444e-15
2.967032967032967032967032967033	1.1102230246251565e-16	4.85722573273506e-16	1.4534252434222905e-6	6.824352194456651e-11	2.220446049250313e-15	0.000013304497962662865	2.6645352591003757e-15
2.978021978021978021978021978022	4.163336342344337e-17	4.163336342344337e-16	1.4588084673583523e-6	6.849625033833462e-11	2.220446049250313e-15	0.000013353764731549589	3.1086244689504383e-15
2.989010989010989010989010989011	0.	4.996003610813204e-16	1.4641916926683152e-6	6.874908975440519e-11	2.6645352591003757e-15	0.000013403031433378843	3.1086244689504383e-15
3.	4.163336342344337e-17	4.163336342344337e-16	1.4695749190746232e-6	6.900183202596111e-11	2.6645352591003757e-15	0.000013452298068150625	2.6645352591003757e-15
3.010989010989010989010989010989	1.1102230246251565e-16	4.85722573273506e-16	1.4749581467993211e-6	6.925465756424387e-11	2.220446049250313e-15	0.000013501564635198804	2.4424906541753444e-15
3.021978021978021978021978021978	6.938893903907228e-17	4.85722573273506e-16	1.4803413757313866e-6	6.950735820243636e-11	2.6645352591003757e-15	0.000013550831134745422	2.886579864025407e-15
3.032967032967032967032967032967	1.3877787807814457e-17	4.996003610813204e-16	1.4857246058291862e-6	6.97601421073557e-11	1.9984014443252818e-15	0.000013600097566346392	2.6645352591003757e-15
3.043956043956043956043956043956	6.938893903907228e-17	4.440892098500626e-16	1.4911078373980313e-6	7.001281498997258e-11	2.6645352591003757e-15	0.00001364936393088989	2.4424906541753444e-15
3.0549450549450549450549450549451	1.3877787807814457e-17	3.885780586188048e-16	1.4964910700354661e-6	7.026552950595288e-11	2.220446049250313e-15	0.00001369863022748774	2.220446049250313e-15
3.0659340659340659340659340659341	6.938893903907228e-17	3.885780586188048e-16	1.5018743039357796e-6	7.051831341087222e-11	2.6645352591003757e-15	0.000013747896457250164	2.220446049250313e-15
3.0769230769230769230769230769231	8.326672684688674e-17	4.996003610813204e-16	1.5072575390573384e-6	7.077108343800376e-11	1.9984014443252818e-15	0.000013797162619733072	2.4424906541753444e-15
3.0879120879120879120879120879121	6.938893903907228e-17	4.85722573273506e-16	1.5126407753446314e-6	7.102385346513529e-11	2.220446049250313e-15	0.000013846428714048287	2.6645352591003757e-15
3.0989010989010989010989010989011	6.938893903907228e-17	4.163336342344337e-16	1.5180240129503142e-6	7.127662349226682e-11	2.6645352591003757e-15	0.000013895694741528075	2.4424906541753444e-15
3.1098901098901098901098901098901	1.3877787807814457e-17	5.967448757360216e-16	1.5234072518188757e-6	7.152940739718616e-11	2.886579864025407e-15	0.000013944960701728348	2.6645352591003757e-15
3.1208791208791208791208791208791	8.326672684688674e-17	5.273559366969494e-16	1.5287904919364381e-6	7.178208027980304e-11	2.886579864025407e-15	0.000013994226593316839	2.6645352591003757e-15
3.1318681318681318681318681318681	2.7755575615628914e-17	4.996003610813204e-16	1.534173733205857e-6	7.203486418472238e-11	2.6645352591003757e-15	0.000014043492418069903	2.6645352591003757e-15
3.1428571428571428571428571428571	1.3877787807814457e-17	5.273559366969494e-16	1.5395569757797878e-6	7.228756482291487e-11	2.220446049250313e-15	0.000014092758175321407	2.6645352591003757e-15
3.1538461538461538461538461538462	8.326672684688674e-17	4.579669976578771e-16	1.5449402195472084e-6	7.254034872783421e-11	2.220446049250313e-15	0.000014142023865071351	2.6645352591003757e-15
3.1648351648351648351648351648352	2.7755575615628914e-17	4.579669976578771e-16	1.5503234646052633e-6	7.27932158994804e-11	2.6645352591003757e-15	0.00001419128948754178	2.6645352591003757e-15
3.1758241758241758241758241758242	1.5265566588595902e-16	5.273559366969494e-16	1.5557067108290523e-6	7.304588878209728e-11	1.9984014443252818e-15	0.00001424055504251065	2.6645352591003757e-15
3.1868131868131868131868131868132	4.163336342344337e-17	5.412337245047638e-16	1.5610899583018423e-6	7.329858942028977e-11	2.220446049250313e-15	0.000014289820529977959	2.220446049250313e-15
3.1978021978021978021978021978022	8.326672684688674e-17	4.440892098500626e-16	1.5664732069819998e-6	7.355141495857254e-11	1.9984014443252818e-15	0.00001433908594949962	2.220446049250313e-15
3.2087912087912087912087912087912	4.163336342344337e-17	5.273559366969494e-16	1.571856456925036e-6	7.380410171897722e-11	2.886579864025407e-15	0.000014388351302407898	2.6645352591003757e-15
3.2197802197802197802197802197802	1.6653345369377348e-16	5.273559366969494e-16	1.5772397082003398e-6	7.405680235716972e-11	2.6645352591003757e-15	0.000014437616588036661	2.6645352591003757e-15
3.2307692307692307692307692307692	8.326672684688674e-17	5.273559366969494e-16	1.582622960488722e-6	7.43096695288159e-11	2.6645352591003757e-15	0.000014486881805497731	3.1086244689504383e-15
3.2417582417582417582417582417582	6.938893903907228e-17	4.85722573273506e-16	1.5880062143452944e-6	7.45623701670084e-11	2.886579864025407e-15	0.000014536146956123375	2.6645352591003757e-15
3.2527472527472527472527472527473	6.938893903907228e-17	5.273559366969494e-16	1.593389469173312e-6	7.481516794971554e-11	2.6645352591003757e-15	0.000014585412038137235	2.4424906541753444e-15
3.2637362637362637362637362637363	1.1102230246251565e-16	4.996003610813204e-16	1.5987727253613526e-6	7.506793797684708e-11	2.886579864025407e-15	0.000014634677053093625	3.1086244689504383e-15
3.2747252747252747252747252747253	1.3877787807814457e-17	4.996003610813204e-16	1.6041559827012497e-6	7.532065249282738e-11	2.886579864025407e-15	0.000014683942000992545	2.6645352591003757e-15
3.2857142857142857142857142857143	1.5265566588595902e-16	5.273559366969494e-16	1.6095392413179033e-6	7.557335313101987e-11	2.6645352591003757e-15	0.00001473320688116786	3.1086244689504383e-15
3.2967032967032967032967032967033	6.938893903907228e-17	6.106226635438361e-16	1.6149225011558022e-6	7.582615091372702e-11	2.6645352591003757e-15	0.000014782471694063659	3.1086244689504383e-15
3.3076923076923076923076923076923	8.326672684688674e-17	4.996003610813204e-16	1.6203057622149464e-6	7.607893481864636e-11	3.1086244689504383e-15	0.000014831736439679943	3.1086244689504383e-15
3.3186813186813186813186813186813	1.1102230246251565e-16	5.412337245047638e-16	1.6256890246757472e-6	7.633167709020228e-11	3.1086244689504383e-15	0.000014881001117572623	2.4424906541753444e-15
3.3296703296703296703296703296703	4.163336342344337e-17	5.689893001203927e-16	1.6310722881912598e-6	7.65844193617582e-11	3.1086244689504383e-15	0.000014930265727963743	3.3306690738754696e-15
3.3406593406593406593406593406593	0.	4.163336342344337e-16	1.63645555291414e-6	7.68373281667678e-11	2.886579864025407e-15	0.000014979530271075348	3.1086244689504383e-15
3.3516483516483516483516483516484	0.	4.996003610813204e-16	1.6418388190109212e-6	7.708995941602126e-11	2.886579864025407e-15	0.000015028794746463348	3.3306690738754696e-15
3.3626373626373626373626373626374	8.326672684688674e-17	5.967448757360216e-16	1.64722208631507e-6	7.734270168757718e-11	2.6645352591003757e-15	0.000015078059154793877	3.1086244689504383e-15
3.3736263736263736263736263736264	4.163336342344337e-17	5.412337245047638e-16	1.6526053547849529e-6	7.75954578369209e-11	3.1086244689504383e-15	0.000015127323495178757	3.1086244689504383e-15
3.3846153846153846153846153846154	1.3877787807814457e-17	5.967448757360216e-16	1.6579886246287368e-6	7.784822786405243e-11	3.1086244689504383e-15	0.000015176587768062078	3.1086244689504383e-15
3.3956043956043956043956043956044	0.	6.106226635438361e-16	1.6633718954578436e-6	7.810097013560835e-11	3.1086244689504383e-15	0.000015225851973887927	3.3306690738754696e-15
3.4065934065934065934065934065934	8.326672684688674e-17	5.689893001203927e-16	1.668755167757996e-6	7.835365689601304e-11	3.1086244689504383e-15	0.000015275116112212217	3.3306690738754696e-15
3.4175824175824175824175824175824	1.1102230246251565e-16	5.273559366969494e-16	1.6741384412100047e-6	7.860651018987141e-11	3.1086244689504383e-15	0.000015324380183034947	3.552713678800501e-15
3.4285714285714285714285714285714	8.326672684688674e-17	5.967448757360216e-16	1.679521715869381e-6	7.885921082806391e-11	3.1086244689504383e-15	0.00001537364418657816	3.3306690738754696e-15
3.4395604395604395604395604395604	6.938893903907228e-17	6.106226635438361e-16	1.6849049917500025e-6	7.911193922183202e-11	3.1086244689504383e-15	0.000015422908122619816	3.1086244689504383e-15
3.4505494505494505494505494505495	2.7755575615628914e-17	5.412337245047638e-16	1.6902882690045251e-6	7.936475088232697e-11	3.1086244689504383e-15	0.000015472171990937866	3.1086244689504383e-15
3.4615384615384615384615384615385	1.3877787807814457e-17	5.689893001203927e-16	1.695671547355393e-6	7.961753478724631e-11	3.1086244689504383e-15	0.000015521435791754357	3.1086244689504383e-15
3.4725274725274725274725274725275	0.	5.273559366969494e-16	1.701054826996895e-6	7.987027705880223e-11	2.886579864025407e-15	0.000015570699525069287	3.1086244689504383e-15
3.4835164835164835164835164835165	0.	6.106226635438361e-16	1.706438107956787e-6	8.012290830805568e-11	2.886579864025407e-15	0.000015619963191326747	3.1086244689504383e-15
3.4945054945054945054945054945055	1.249000902703301e-16	5.967448757360216e-16	1.7118213899852686e-6	8.037578935748968e-11	3.552713678800501e-15	0.000015669226790082647	3.3306690738754696e-15
3.5054945054945054945054945054945	8.326672684688674e-17	6.38378239159465e-16	1.7172046733737734e-6	8.062840672895533e-11	3.1086244689504383e-15	0.000015718490321114942	2.4424906541753444e-15
3.5164835164835164835164835164835	6.938893903907228e-17	4.85722573273506e-16	1.7225879579280123e-6	8.088130165617713e-11	2.886579864025407e-15	0.000015767753784867722	2.4424906541753444e-15
3.5274725274725274725274725274725	1.5265566588595902e-16	5.273559366969494e-16	1.7279712437312522e-6	8.113401617215743e-11	2.886579864025407e-15	0.000015817017181118942	3.1086244689504383e-15
3.5384615384615384615384615384615	1.1102230246251565e-16	5.967448757360216e-16	1.7333545307973708e-6	8.138673068813773e-11	3.1086244689504383e-15	0.000015866280510090647	3.1086244689504383e-15
3.5494505494505494505494505494505	1.5265566588595902e-16	5.273559366969494e-16	1.7387378190153457e-6	8.163948683748146e-11	3.1086244689504383e-15	0.00001591554377200488	2.6645352591003757e-15
3.5604395604395604395604395604396	6.938893903907228e-17	6.38378239159465e-16	1.7441211086766106e-6	8.189222910903737e-11	2.886579864025407e-15	0.000015964806965529377	3.3306690738754696e-15
3.5714285714285714285714285714286	8.326672684688674e-17	6.106226635438361e-16	1.7495043994342208e-6	8.21449991361689e-11	3.1086244689504383e-15	0.000016014070092218446	2.886579864025407e-15
3.5824175824175824175824175824176	8.326672684688674e-17	4.996003610813204e-16	1.7548876913436873e-6	8.239768589657359e-11	2.6645352591003757e-15	0.000016063333151183912	3.1086244689504383e-15
3.5934065934065934065934065934066	2.7755575615628914e-17	5.689893001203927e-16	1.7602709846409326e-6	8.265046980149293e-11	3.1086244689504383e-15	0.000016112596142647817	3.1086244689504383e-15
3.6043956043956043956043956043956	6.938893903907228e-17	6.800116025829084e-16	1.7656542790484009e-6	8.290321207304885e-11	2.886579864025407e-15	0.000016161859066832207	3.1086244689504383e-15
3.6153846153846153846153846153846	0.	6.522560269672795e-16	1.771037574843648e-6	8.315603761133161e-11	2.886579864025407e-15	0.000016211121923292993	3.1086244689504383e-15
3.6263736263736263736263736263736	1.6653345369377348e-16	5.273559366969494e-16	1.7764208716658514e-6	8.340877988288753e-11	3.1086244689504383e-15	0.000016260384712474263	2.6645352591003757e-15
3.6373626373626373626373626373626	1.3877787807814457e-17	4.85722573273506e-16	1.781804169917467e-6	8.366148052108002e-11	3.552713678800501e-15	0.000016309647434598062	2.6645352591003757e-15
3.6483516483516483516483516483516	1.942890293094024e-16	6.106226635438361e-16	1.78718746937645e-6	8.39143199371506e-11	2.6645352591003757e-15	0.000016358910088998257	3.1086244689504383e-15
3.6593406593406593406593406593407	8.326672684688674e-17	6.38378239159465e-16	1.7925707700983118e-6	8.416714547543336e-11	2.6645352591003757e-15	0.000016408172676340982	3.1086244689504383e-15
3.6703296703296703296703296703297	1.942890293094024e-16	5.689893001203927e-16	1.7979540718887632e-6	8.441980448026243e-11	3.3306690738754696e-15	0.000016457435196182146	3.552713678800501e-15
3.6813186813186813186813186813187	6.938893903907228e-17	6.106226635438361e-16	1.8033373749976045e-6	8.467254675181835e-11	2.886579864025407e-15	0.00001650669764852175	3.3306690738754696e-15
3.6923076923076923076923076923077	1.1102230246251565e-16	5.967448757360216e-16	1.8087206795081023e-6	8.492521963443522e-11	3.3306690738754696e-15	0.000016555960032915706	3.1086244689504383e-15
3.7032967032967032967032967032967	6.938893903907228e-17	6.800116025829084e-16	1.8141039849900453e-6	8.517804517271799e-11	2.886579864025407e-15	0.000016605222350030147	3.3306690738754696e-15
3.7142857142857142857142857142857	1.3877787807814457e-17	6.38378239159465e-16	1.8194872919569116e-6	8.543089846657637e-11	3.1086244689504383e-15	0.000016654484600087116	3.1086244689504383e-15
3.7252747252747252747252747252747	1.6653345369377348e-16	4.996003610813204e-16	1.8248705998397119e-6	8.56835019602542e-11	3.552713678800501e-15	0.000016703746781976392	3.3306690738754696e-15
3.7362637362637362637362637362637	1.5265566588595902e-16	6.106226635438361e-16	1.8302539093184578e-6	8.593628586517355e-11	3.1086244689504383e-15	0.00001675300889703024	3.1086244689504383e-15
3.7472527472527472527472527472527	2.3592239273284576e-16	7.494005416219807e-16	1.83563721994906e-6	8.618906977009289e-11	3.1086244689504383e-15	0.00001680227094458253	3.1086244689504383e-15
3.7582417582417582417582417582418	1.1102230246251565e-16	6.38378239159465e-16	1.8410205316343742e-6	8.644186755280003e-11	3.1086244689504383e-15	0.000016851532924855306	3.3306690738754696e-15
3.7692307692307692307692307692308	1.5265566588595902e-16	5.273559366969494e-16	1.8464038446380782e-6	8.669449880205349e-11	3.1086244689504383e-15	0.00001690079483718243	3.552713678800501e-15
3.7802197802197802197802197802198	2.220446049250313e-16	7.216449660063518e-16	1.8517871588491497e-6	8.69472410736094e-11	3.1086244689504383e-15	0.000016950056682452086	3.3306690738754696e-15
3.7912087912087912087912087912088	1.1102230246251565e-16	6.938893903907228e-16	1.8571704742259554e-6	8.720006661189217e-11	3.1086244689504383e-15	0.00001699931846022018	3.3306690738754696e-15
3.8021978021978021978021978021978	8.326672684688674e-17	6.522560269672795e-16	1.8625537911570733e-6	8.745276725008466e-11	3.552713678800501e-15	0.00001704858017026467	3.1086244689504383e-15
3.8131868131868131868131868131868	1.5265566588595902e-16	6.38378239159465e-16	1.8679371091151475e-6	8.770563442173085e-11	3.1086244689504383e-15	0.000017097841813473735	3.3306690738754696e-15
3.8241758241758241758241758241758	1.1102230246251565e-16	5.967448757360216e-16	1.8733204282667115e-6	8.795834893771115e-11	2.886579864025407e-15	0.00001714710338829306	3.1086244689504383e-15
3.8351648351648351648351648351648	1.6653345369377348e-16	5.967448757360216e-16	1.878703748764421e-6	8.821104957590364e-11	3.1086244689504383e-15	0.000017196364896943095	3.552713678800501e-15
3.8461538461538461538461538461538	2.220446049250313e-16	5.689893001203927e-16	1.884087070400109e-6	8.84638612363986e-11	3.552713678800501e-15	0.00001724562633764748	3.552713678800501e-15
3.8571428571428571428571428571429	1.6653345369377348e-16	5.967448757360216e-16	1.889470393409698e-6	8.871654799680329e-11	3.552713678800501e-15	0.00001729488771062826	3.9968028886505635e-15
3.8681318681318681318681318681319	1.5265566588595902e-16	6.106226635438361e-16	1.8948537174462432e-6	8.89692902683592e-11	3.552713678800501e-15	0.000017344149016329524	3.1086244689504383e-15
3.8791208791208791208791208791209	4.163336342344337e-17	6.38378239159465e-16	1.9002370428150561e-6	8.922206029549073e-11	3.3306690738754696e-15	0.000017393410254307184	3.552713678800501e-15
3.8901098901098901098901098901099	1.249000902703301e-16	6.522560269672795e-16	1.905620369488381e-6	8.94748858337735e-11	3.552713678800501e-15	0.000017442671425671463	3.3306690738754696e-15
3.9010989010989010989010989010989	1.1102230246251565e-16	6.106226635438361e-16	1.9110036972996847e-6	8.97276003497538e-11	2.886579864025407e-15	0.000017491932528868048	3.1086244689504383e-15
3.9120879120879120879120879120879	1.6653345369377348e-16	6.106226635438361e-16	1.916387026512645e-6	8.998038425467314e-11	3.774758283725532e-15	0.000017541193564785118	3.552713678800501e-15
3.9230769230769230769230769230769	8.326672684688674e-17	6.800116025829084e-16	1.9217703566137834e-6	9.023308489286563e-11	3.552713678800501e-15	0.000017590454533422673	3.3306690738754696e-15
3.9340659340659340659340659340659	1.942890293094024e-16	5.689893001203927e-16	1.9271536883802565e-6	9.048581328663374e-11	3.1086244689504383e-15	0.000017639715434114578	3.3306690738754696e-15
3.9450549450549450549450549450549	4.163336342344337e-17	6.38378239159465e-16	1.9325370211459303e-6	9.073859719155308e-11	3.1086244689504383e-15	0.000017688976267971057	3.552713678800501e-15
3.956043956043956043956043956044	1.942890293094024e-16	6.38378239159465e-16	1.9379203551883606e-6	9.099138109647242e-11	3.1086244689504383e-15	0.00001773823703454802	3.1086244689504383e-15
3.967032967032967032967032967033	1.5265566588595902e-16	6.800116025829084e-16	1.9433036904520362e-6	9.124412336802834e-11	3.552713678800501e-15	0.000017787497733179336	3.552713678800501e-15
3.978021978021978021978021978022	1.5265566588595902e-16	5.689893001203927e-16	1.948687027020224e-6	9.149690727294768e-11	3.552713678800501e-15	0.00001783675836519727	3.552713678800501e-15
3.989010989010989010989010989011	8.326672684688674e-17	5.412337245047638e-16	1.9540703647541457e-6	9.174958015556456e-11	3.1086244689504383e-15	0.000017886018928825465	3.9968028886505635e-15
4.	1.1102230246251565e-16	6.800116025829084e-16	1.9594537036815574e-6	9.200240569384732e-11	3.552713678800501e-15	0.00001793527942539619	3.552713678800501e-15
4.010989010989010989010989010989	1.5265566588595902e-16	5.967448757360216e-16	1.9648370439967477e-6	9.225510633203982e-11	3.552713678800501e-15	0.000017984539854465353	3.3306690738754696e-15
4.021978021978021978021978021978	1.6653345369377348e-16	6.106226635438361e-16	1.9702203854082834e-6	9.250790411474696e-11	3.1086244689504383e-15	0.000018033800216032958	3.3306690738754696e-15
4.032967032967032967032967032967	6.938893903907228e-17	6.38378239159465e-16	1.9756037280965755e-6	9.276072965302973e-11	3.1086244689504383e-15	0.000018083060510765137	3.552713678800501e-15
4.043956043956043956043956043956	2.220446049250313e-16	6.38378239159465e-16	1.980987072075502e-6	9.301349968016126e-11	3.1086244689504383e-15	0.00001813232073732962	3.552713678800501e-15
4.0549450549450549450549450549451	1.1102230246251565e-16	6.106226635438361e-16	1.9863704172201624e-6	9.326613092941471e-11	3.552713678800501e-15	0.000018181580896392546	3.552713678800501e-15
4.0659340659340659340659340659341	1.6653345369377348e-16	6.800116025829084e-16	1.991753763613824e-6	9.351892871212186e-11	3.552713678800501e-15	0.000018230840989064134	3.1086244689504383e-15
4.0769230769230769230769230769231	1.1102230246251565e-16	6.938893903907228e-16	1.997137111270364e-6	9.377167098367778e-11	3.774758283725532e-15	0.00001828010101356803	3.774758283725532e-15
4.0879120879120879120879120879121	1.1102230246251565e-16	8.049116928532385e-16	2.002520460106516e-6	9.402438549965808e-11	3.774758283725532e-15	0.000018329360971014452	3.552713678800501e-15
4.0989010989010989010989010989011	1.6653345369377348e-16	6.522560269672795e-16	2.0079038102194247e-6	9.427721103794084e-11	3.552713678800501e-15	0.000018378620860293182	3.774758283725532e-15
4.1098901098901098901098901098901	1.249000902703301e-16	6.800116025829084e-16	2.013287161720112e-6	9.45298422871943e-11	3.774758283725532e-15	0.000018427880682736486	3.552713678800501e-15
4.1208791208791208791208791208791	8.326672684688674e-17	7.494005416219807e-16	2.0186705142061223e-6	9.478261231432583e-11	3.774758283725532e-15	0.00001847714043767823	3.774758283725532e-15
4.1318681318681318681318681318681	6.938893903907228e-17	6.522560269672795e-16	2.024053868052156e-6	9.503536846366956e-11	3.774758283725532e-15	0.00001852640012489637	3.774758283725532e-15
4.1428571428571428571428571428571	1.1102230246251565e-16	7.632783294297951e-16	2.02943722302229e-6	9.52881523685889e-11	3.552713678800501e-15	0.000018575659745279083	3.552713678800501e-15
4.1538461538461538461538461538462	1.1102230246251565e-16	6.106226635438361e-16	2.034820579449592e-6	9.554089464014481e-11	3.774758283725532e-15	0.00001862491929838228	3.9968028886505635e-15
4.1648351648351648351648351648352	1.5265566588595902e-16	6.938893903907228e-16	2.0402039369593616e-6	9.579370630063977e-11	3.552713678800501e-15	0.00001867417878309574	3.552713678800501e-15
4.1758241758241758241758241758242	6.938893903907228e-17	7.494005416219807e-16	2.0455872957458876e-6	9.604639306104445e-11	3.774758283725532e-15	0.00001872343820075173	4.218847493575595e-15
4.1868131868131868131868131868132	1.942890293094024e-16	6.38378239159465e-16	2.0509706557259033e-6	9.629916308817599e-11	4.218847493575595e-15	0.000018772697551794337	3.9968028886505635e-15
4.1978021978021978021978021978022	1.6653345369377348e-16	6.106226635438361e-16	2.0563540169687977e-6	9.655191923751971e-11	3.774758283725532e-15	0.000018821956834225162	4.218847493575595e-15
4.2087912087912087912087912087912	8.326672684688674e-17	7.91033905045424e-16	2.0617373794190597e-6	9.680466150907563e-11	3.774758283725532e-15	0.00001887121605026465	3.9968028886505635e-15
4.2197802197802197802197802197802	1.942890293094024e-16	7.216449660063518e-16	2.0671207431738337e-6	9.705748704735839e-11	3.552713678800501e-15	0.000018920475199024622	3.774758283725532e-15
4.2307692307692307692307692307692	1.6653345369377348e-16	7.91033905045424e-16	2.0725041081082196e-6	9.731027095227773e-11	3.774758283725532e-15	0.000018969734279394856	4.218847493575595e-15
4.2417582417582417582417582417582	1.5265566588595902e-16	7.632783294297951e-16	2.077887474444262e-6	9.7562916079319e-11	4.218847493575595e-15	0.00001901899329270762	4.218847493575595e-15
4.2527472527472527472527472527473	1.5265566588595902e-16	6.938893903907228e-16	2.083270841946039e-6	9.781572773981395e-11	3.774758283725532e-15	0.000019068252238518824	3.9968028886505635e-15
4.2637362637362637362637362637363	1.5265566588595902e-16	7.632783294297951e-16	2.088654210460894e-6	9.806848388915768e-11	3.552713678800501e-15	0.000019117511117050512	4.218847493575595e-15
4.2747252747252747252747252747253	8.326672684688674e-17	6.800116025829084e-16	2.094037580377406e-6	9.832110126062332e-11	3.774758283725532e-15	0.000019166769927858596	4.440892098500626e-15
4.2857142857142857142857142857143	1.1102230246251565e-16	7.91033905045424e-16	2.0994209514874074e-6	9.857396843226951e-11	4.218847493575595e-15	0.000019216028671831253	3.9968028886505635e-15
4.2967032967032967032967032967033	1.942890293094024e-16	7.632783294297951e-16	2.1048043238741654e-6	9.882664131488639e-11	4.218847493575595e-15	0.00001926528734830235	4.440892098500626e-15
4.3076923076923076923076923076923	8.326672684688674e-17	6.800116025829084e-16	2.1101876973711464e-6	9.907935583086669e-11	3.552713678800501e-15	0.00001931454595727189	4.218847493575595e-15
4.3186813186813186813186813186813	1.942890293094024e-16	6.800116025829084e-16	2.115571072339173e-6	9.933227851366411e-11	3.9968028886505635e-15	0.000019363804498295778	4.218847493575595e-15
4.3296703296703296703296703296703	1.942890293094024e-16	7.632783294297951e-16	2.120954448445178e-6	9.958496527406879e-11	3.774758283725532e-15	0.000019413062972262196	4.218847493575595e-15
4.3406593406593406593406593406593	1.5265566588595902e-16	7.91033905045424e-16	2.1263378257030396e-6	9.983781856792717e-11	4.218847493575595e-15	0.000019462321379171144	4.218847493575595e-15
4.3516483516483516483516483516484	1.5265566588595902e-16	8.049116928532385e-16	2.1317212043625577e-6	1.0009049145054405e-10	3.774758283725532e-15	0.000019511579718134442	4.440892098500626e-15
4.3626373626373626373626373626374	1.6653345369377348e-16	7.216449660063518e-16	2.1371045841739322e-6	1.0034323372209997e-10	3.774758283725532e-15	0.000019560837990262314	4.6629367034256575e-15
4.3736263736263736263736263736264	4.163336342344337e-17	8.326672684688674e-16	2.1424879651649187e-6	1.0059598987144369e-10	3.774758283725532e-15	0.000019610096194444537	4.218847493575595e-15
4.3846153846153846153846153846154	6.938893903907228e-17	8.465450562766819e-16	2.1478713474465394e-6	1.0084880153193865e-10	4.218847493575595e-15	0.00001965935433156929	4.218847493575595e-15
4.3956043956043956043956043956044	1.6653345369377348e-16	7.91033905045424e-16	2.1532547309355277e-6	1.0110154380349456e-10	4.218847493575595e-15	0.000019708612401192482	4.440892098500626e-15
4.4065934065934065934065934065934	4.163336342344337e-17	7.216449660063518e-16	2.15863811571515e-6	1.0135429995283829e-10	4.6629367034256575e-15	0.00001975787040353616	3.9968028886505635e-15
4.4175824175824175824175824175824	1.1102230246251565e-16	7.494005416219807e-16	2.164021501660507e-6	1.0160697283545517e-10	4.440892098500626e-15	0.000019807128338156232	4.440892098500626e-15
4.4285714285714285714285714285714	4.163336342344337e-17	6.800116025829084e-16	2.1694048887854755e-6	1.0185984000710135e-10	4.440892098500626e-15	0.00001985638620549679	4.6629367034256575e-15
4.4395604395604395604395604395604	1.5265566588595902e-16	7.91033905045424e-16	2.174788277298223e-6	1.0211247125635481e-10	4.218847493575595e-15	0.00001990564400600192	4.440892098500626e-15
4.4505494505494505494505494505495	4.163336342344337e-17	7.216449660063518e-16	2.1801716670460936e-6	1.0236514413897169e-10	4.884981308350689e-15	0.00001995490173833936	4.884981308350689e-15
4.4615384615384615384615384615385	1.1102230246251565e-16	7.91033905045424e-16	2.185555058098476e-6	1.0261802518840568e-10	4.6629367034256575e-15	0.000020004159404063415	4.6629367034256575e-15
4.4725274725274725274725274725275	1.1102230246251565e-16	5.967448757360216e-16	2.190938450052915e-6	1.0287073970438598e-10	4.440892098500626e-15	0.000020053417001397733	4.218847493575595e-15
4.4835164835164835164835164835165	4.163336342344337e-17	6.800116025829084e-16	2.1963218435477883e-6	1.0312353748709313e-10	4.6629367034256575e-15	0.00002010267453167458	5.10702591327572e-15
4.4945054945054945054945054945055	1.3877787807814457e-17	7.91033905045424e-16	2.2017052381667623e-6	1.0337626588086124e-10	4.218847493575595e-15	0.000020151931994893957	5.329070518200751e-15
4.5054945054945054945054945054945	1.249000902703301e-16	7.216449660063518e-16	2.2070886340347373e-6	1.0362904978578058e-10	4.6629367034256575e-15	0.00002020118939038973	4.884981308350689e-15
4.5164835164835164835164835164835	1.942890293094024e-16	7.216449660063518e-16	2.212472031151713e-6	1.0388173654618527e-10	4.6629367034256575e-15	0.00002025044671882803	4.6629367034256575e-15
4.5274725274725274725274725274725	6.938893903907228e-17	8.465450562766819e-16	2.2178554294344233e-6	1.0413456208446803e-10	4.218847493575595e-15	0.000020299703979320682	4.218847493575595e-15
4.5384615384615384615384615384615	1.942890293094024e-16	8.049116928532385e-16	2.2232388290216454e-6	1.043872210892971e-10	4.440892098500626e-15	0.000020348961172311775	5.329070518200751e-15
4.5494505494505494505494505494505	1.249000902703301e-16	7.632783294297951e-16	2.228622230010524e-6	1.0464007438315548e-10	4.6629367034256575e-15	0.00002039821829846744	4.884981308350689e-15
4.5604395604395604395604395604396	1.5265566588595902e-16	8.326672684688674e-16	2.234005631970848e-6	1.0489291379922605e-10	4.440892098500626e-15	0.000020447475357121547	4.6629367034256575e-15
4.5714285714285714285714285714286	1.1102230246251565e-16	7.632783294297951e-16	2.2393890353050727e-6	1.0514562831520635e-10	4.6629367034256575e-15	0.00002049673234849614	5.329070518200751e-15
4.5824175824175824175824175824176	2.636779683484747e-16	7.91033905045424e-16	2.2447724396107427e-6	1.0539831507561104e-10	5.329070518200751e-15	0.00002054598927192508	4.884981308350689e-15
4.5934065934065934065934065934066	8.326672684688674e-17	7.91033905045424e-16	2.2501558456095028e-6	1.0565102959159134e-10	4.218847493575595e-15	0.00002059524612874064	5.329070518200751e-15
4.6043956043956043956043956043956	8.326672684688674e-17	7.632783294297951e-16	2.255539252579708e-6	1.0590396615217657e-10	5.329070518200751e-15	0.000020644502917832597	5.329070518200751e-15
4.6153846153846153846153846153846	8.326672684688674e-17	6.938893903907228e-16	2.2609226607850363e-6	1.061565696458544e-10	5.10702591327572e-15	0.000020693759639422993	5.773159728050814e-15
4.6263736263736263736263736263736	1.1102230246251565e-16	7.632783294297951e-16	2.2663060701699766e-6	1.064092841618347e-10	4.884981308350689e-15	0.000020743016293289784	4.884981308350689e-15
4.6373626373626373626373626373626	1.5265566588595902e-16	7.632783294297951e-16	2.2716894810120847e-6	1.0666206806675405e-10	4.6629367034256575e-15	0.00002079227288076524	4.884981308350689e-15
4.6483516483516483516483516483516	0.	9.020562075079397e-16	2.2770728929782935e-6	1.0691489360503681e-10	5.10702591327572e-15	0.00002084152939962891	4.884981308350689e-15
4.6593406593406593406593406593407	1.5265566588595902e-16	8.049116928532385e-16	2.2824563061102365e-6	1.071675942432293e-10	4.6629367034256575e-15	0.0000208907858518792	5.10702591327572e-15
4.6703296703296703296703296703297	1.6653345369377348e-16	8.326672684688674e-16	2.287839720574447e-6	1.074202948814218e-10	4.6629367034256575e-15	0.000020940042236183842	4.884981308350689e-15
4.6813186813186813186813186813187	8.326672684688674e-17	8.743006318923108e-16	2.293223136273781e-6	1.0767320368643141e-10	4.6629367034256575e-15	0.000020989298553875102	4.884981308350689e-15
4.6923076923076923076923076923077	1.6653345369377348e-16	7.632783294297951e-16	2.2986065531110933e-6	1.0792579330232144e-10	4.6629367034256575e-15	0.000021038554803620713	5.329070518200751e-15
4.7032967032967032967032967032967	8.326672684688674e-17	7.91033905045424e-16	2.3039899712112843e-6	1.0817853557387735e-10	5.329070518200751e-15	0.000021087810986086808	4.884981308350689e-15
4.7142857142857142857142857142857	2.220446049250313e-16	7.632783294297951e-16	2.3093733905465985e-6	1.0843140274552354e-10	5.10702591327572e-15	0.000021137067101273388	5.329070518200751e-15
4.7252747252747252747252747252747	1.1102230246251565e-16	8.049116928532385e-16	2.314756811103158e-6	1.0868431155053315e-10	5.10702591327572e-15	0.000021186323148958408	5.329070518200751e-15
4.7362637362637362637362637362637	1.5265566588595902e-16	6.938893903907228e-16	2.3201402329781073e-6	1.0893694279978661e-10	4.6629367034256575e-15	0.000021235579128919824	5.551115123125783e-15
4.7472527472527472527472527472527	2.220446049250313e-16	8.326672684688674e-16	2.3255236561575687e-6	1.0918968507134252e-10	5.10702591327572e-15	0.000021284835042267858	4.884981308350689e-15
4.7582417582417582417582417582418	1.5265566588595902e-16	8.049116928532385e-16	2.3309070805443977e-6	1.0944242734289844e-10	5.10702591327572e-15	0.000021334090887448198	5.551115123125783e-15
4.7692307692307692307692307692308	1.5265566588595902e-16	8.743006318923108e-16	2.336290506027572e-6	1.0969512798109093e-10	5.329070518200751e-15	0.000021383346665571068	5.551115123125783e-15
4.7802197802197802197802197802198	1.1102230246251565e-16	8.326672684688674e-16	2.3416739327181135e-6	1.0994791188601027e-10	5.773159728050814e-15	0.00002143260237685851	5.329070518200751e-15
4.7912087912087912087912087912088	2.220446049250313e-16	9.020562075079397e-16	2.3470573607825562e-6	1.1020069579092961e-10	4.440892098500626e-15	0.000021481858020200306	5.329070518200751e-15
4.8021978021978021978021978021978	1.1102230246251565e-16	8.049116928532385e-16	2.352440790137633e-6	1.1045341030690992e-10	4.884981308350689e-15	0.000021531113596262585	4.6629367034256575e-15
4.8131868131868131868131868131868	1.942890293094024e-16	8.049116928532385e-16	2.3578242206862e-6	1.1070616645625364e-10	4.884981308350689e-15	0.000021580369104379216	5.773159728050814e-15
4.8241758241758241758241758241758	2.220446049250313e-16	8.465450562766819e-16	2.3632076523033563e-6	1.1095888097223394e-10	4.6629367034256575e-15	0.000021629624545438375	5.329070518200751e-15
4.8351648351648351648351648351648	1.942890293094024e-16	8.049116928532385e-16	2.3685910851833913e-6	1.1121173426609232e-10	5.10702591327572e-15	0.000021678879919440064	5.10702591327572e-15
4.8461538461538461538461538461538	1.1102230246251565e-16	8.743006318923108e-16	2.3739745194373274e-6	1.1146447653764824e-10	5.329070518200751e-15	0.000021728135226162237	5.551115123125783e-15
4.8571428571428571428571428571429	4.163336342344337e-17	8.049116928532385e-16	2.3793579548708754e-6	1.1171717717584073e-10	5.10702591327572e-15	0.00002177739046538285	5.773159728050814e-15
4.8681318681318681318681318681319	1.942890293094024e-16	7.91033905045424e-16	2.3847413915950577e-6	1.1196997495854788e-10	5.10702591327572e-15	0.000021826645636657815	5.329070518200751e-15
4.8791208791208791208791208791209	1.5265566588595902e-16	8.743006318923108e-16	2.3901248294572186e-6	1.1222267559674037e-10	5.10702591327572e-15	0.000021875900741097354	5.329070518200751e-15
4.8901098901098901098901098901099	1.6653345369377348e-16	9.159339953157541e-16	2.3955082686377693e-6	1.1247541786829629e-10	5.10702591327572e-15	0.000021925155778035332	5.551115123125783e-15
4.9010989010989010989010989010989	1.942890293094024e-16	9.020562075079397e-16	2.4008917090256876e-6	1.1272810462870098e-10	5.10702591327572e-15	0.000021974410747027662	5.551115123125783e-15
4.9120879120879120879120879120879	2.220446049250313e-16	9.575673587391975e-16	2.406275150648729e-6	1.129810273114984e-10	4.884981308350689e-15	0.00002202366564940661	5.551115123125783e-15
4.9230769230769230769230769230769	1.942890293094024e-16	8.049116928532385e-16	2.411658593534649e-6	1.1323365856075185e-10	5.10702591327572e-15	0.000022072920484506042	5.329070518200751e-15
4.9340659340659340659340659340659	6.938893903907228e-17	7.91033905045424e-16	2.4170420377112034e-6	1.1348648409903461e-10	5.10702591327572e-15	0.00002212217525188187	5.773159728050814e-15
4.9450549450549450549450549450549	1.1102230246251565e-16	8.743006318923108e-16	2.422425482970225e-6	1.137391708594393e-10	5.10702591327572e-15	0.00002217142995175614	5.10702591327572e-15
4.956043956043956043956043956044	1.1102230246251565e-16	9.020562075079397e-16	2.427808929603148e-6	1.1399198251993425e-10	5.10702591327572e-15	0.00002222068458479498	5.551115123125783e-15
4.967032967032967032967032967033	8.326672684688674e-17	8.743006318923108e-16	2.433192377332416e-6	1.1424468315812675e-10	5.329070518200751e-15	0.00002226993914966613	5.551115123125783e-15
4.978021978021978021978021978022	1.5265566588595902e-16	9.43689570931383e-16	2.4385758264633406e-6	1.144974809408339e-10	5.329070518200751e-15	0.000022319193647479807	5.551115123125783e-15
4.989010989010989010989010989011	2.220446049250313e-16	9.020562075079397e-16	2.443959276662855e-6	1.1475026484575324e-10	5.10702591327572e-15	0.000022368448077791925	5.551115123125783e-15