0	0.	0.	0.	0.
0.001814882032667876588021778584392	4.440892098500626e-16	0.	3.538719912654642e-7	5.890030685407055e-10
0.003629764065335753176043557168784	4.440892098500626e-16	1.7763568394002505e-15	7.077438337610431e-7	1.1780052489029913e-9
0.005444646098003629764065335753176	4.440892098500626e-16	0.	1.061615530151272e-6	1.767007873354487e-9
0.0072595281306715063520871143375681	0.	8.881784197001252e-16	1.4154870768834371e-6	2.356009609627563e-9
0.0090744101633393829401088929219601	8.881784197001252e-16	1.7763568394002505e-15	1.769358474845717e-6	2.945013566346688e-9
0.010889292196007259528130671506352	0.	4.440892098500626e-16	2.123229725370379e-6	3.534015746708974e-9
0.012704174228675136116152450090744	0.	0.	2.4771008262369776e-6	4.1230183711604695e-9
0.014519056261343012704174228675136	4.440892098500626e-16	4.440892098500626e-16	2.8309717801100476e-6	4.712022771968805e-9
0.016333938294010889292196007259528	0.	0.	3.1848425856573215e-6	5.301024064152671e-9
0.01814882032667876588021778584392	4.440892098500626e-16	0.	3.53871324243471e-6	5.8900262445149565e-9
0.019963702359346642468239564428312	0.	1.7763568394002505e-15	3.892583750442213e-6	6.479029313055662e-9
0.021778584392014519056261343012704	0.	8.881784197001252e-16	4.24645411056801e-6	7.068033713863997e-9
0.023593466424682395644283121597096	4.440892098500626e-16	4.440892098500626e-16	4.60032432236801e-6	7.657034117869443e-9
0.025408348457350272232304900181488	0.	0.	4.954194386730393e-6	8.246037186410149e-9
0.02722323049001814882032667876588	0.	0.	5.308064301878801e-6	8.835039366772435e-9
0.029038112522686025408348457350272	0.	8.881784197001252e-16	5.661934069145502e-6	9.42404243531314e-9
0.030852994555353901996370235934664	4.440892098500626e-16	4.440892098500626e-16	6.01580368675414e-6	1.0013045947943056e-8
0.032667876588021778584392014519056	4.440892098500626e-16	8.881784197001252e-16	6.369673157369249e-6	1.0602049460572971e-8
0.034482758620689655172413793103448	4.440892098500626e-16	1.3322676295501878e-15	6.723542479658562e-6	1.1191052085024467e-8
0.03629764065335753176043557168784	8.881784197001252e-16	1.3322676295501878e-15	7.07741165317799e-6	1.1780055153565172e-8
0.038112522686025408348457350272232	0.	4.440892098500626e-16	7.431280678371621e-6	1.2369055113481409e-8
0.039927404718693284936479128856624	4.440892098500626e-16	0.	7.785149555683546e-6	1.2958059958378954e-8
0.041742286751361161524500907441016	0.	0.	8.139018285113764e-6	1.354706169465203e-8
0.043557168784029038112522686025408	0.	0.	8.492886864885918e-6	1.4136064319103525e-8
0.0453720508166969147005444646098	4.440892098500626e-16	1.3322676295501878e-15	8.846755297220454e-6	1.472506783173344e-8
0.047186932849364791288566243194192	4.440892098500626e-16	8.881784197001252e-16	9.200623580785106e-6	1.5314070456184936e-8
0.049001814882032667876588021778584	4.440892098500626e-16	0.	9.554491715579871e-6	1.5903073080636432e-8
0.050816696914700544464609800362976	4.440892098500626e-16	0.	9.908359703381109e-6	1.6492074816909508e-8
0.052631578947368421052631578947368	4.440892098500626e-16	0.	0.00001026222754285655	1.7081078329539423e-8
0.05444646098003629764065335753176	4.440892098500626e-16	0.	0.000010616095233118017	1.767008139808013e-8
0.056261343012704174228675136116152	4.440892098500626e-16	0.	0.000010969962774609598	1.8259084022531624e-8
0.058076225045372050816696914700544	4.440892098500626e-16	0.	0.000011323830168663562	1.884808620289391e-8
0.059891107078039927404718693284936	4.440892098500626e-16	0.	0.00001167769741483582	1.9437088827345406e-8
0.061705989110707803992740471869328	8.881784197001252e-16	0.	0.000012031564511794102	2.002609189588611e-8
0.063520871143375680580762250453721	4.440892098500626e-16	0.	0.000012385431461758856	2.0615094520337607e-8
0.065335753176043557168784029038113	0.	1.3322676295501878e-15	0.000012739298262509635	2.1204096700699893e-8
0.067150635208711433756805807622505	4.440892098500626e-16	1.3322676295501878e-15	0.00001309316491449053	2.179309843697297e-8
0.068965517241379310344827586206897	4.440892098500626e-16	1.3322676295501878e-15	0.000013447031418145627	2.2382102393692094e-8
0.070780399274047186932849364791289	4.440892098500626e-16	4.440892098500626e-16	0.000013800897773919019	2.297110457405438e-8
0.072595281306715063520871143375681	4.440892098500626e-16	0.	0.000014154763981366614	2.3560107198505875e-8
0.074410163339382940108892921960073	4.440892098500626e-16	1.7763568394002505e-15	0.000014508630040488413	2.414911071113579e-8
0.076225045372050816696914700544465	0.	0.	0.000014862495951284416	2.4738113779676496e-8
0.078039927404718693284936479128857	0.	1.3322676295501878e-15	0.000015216361714198712	2.532711729230641e-8
0.079854809437386569872958257713249	4.440892098500626e-16	0.	0.000015570227327899033	2.5916119916757907e-8
0.081669691470054446460980036297641	4.440892098500626e-16	8.881784197001252e-16	0.00001592409279327356	2.6505120320763353e-8
0.083484573502722323049001814882033	4.440892098500626e-16	0.	0.000016277958110766377	2.709412294521485e-8
0.085299455535390199637023593466425	4.440892098500626e-16	0.	0.00001663182328037749	2.7683126457844764e-8
0.087114337568058076225045372050817	4.440892098500626e-16	4.440892098500626e-16	0.000016985688302106894	2.827212730593942e-8
0.088929219600725952813067150635209	4.440892098500626e-16	1.7763568394002505e-15	0.000017339553173734146	2.8861132150836966e-8
0.090744101633393829401088929219601	4.440892098500626e-16	4.440892098500626e-16	0.00001769341789836787	2.9450133443020832e-8
0.092558983666061705989110707803993	4.440892098500626e-16	0.	0.000018047282475119886	3.003913739973996e-8
0.094373865698729582577132486388385	4.440892098500626e-16	1.3322676295501878e-15	0.00001840114690221384	3.062813869192382e-8
0.096188747731397459165154264972777	4.440892098500626e-16	0.	0.000018755011181870174	3.121714264864295e-8
0.098003629764065335753176043557169	4.440892098500626e-16	0.	0.000019108875312756624	3.1806146161272864e-8
0.099818511796733212341197822141561	4.440892098500626e-16	0.	0.000019462739295761367	3.239514878572436e-8
0.10163339382940108892921960072595	4.440892098500626e-16	8.881784197001252e-16	0.000019816603130440313	3.2984150521997435e-8
0.10344827586206896551724137931034	4.440892098500626e-16	0.	0.000020170466815905286	3.357315314644893e-8
0.10526315789473684210526315789474	4.440892098500626e-16	0.	0.00002052433035482082	3.4162155326811217e-8
0.10707803992740471869328493647913	4.440892098500626e-16	0.	0.00002087819374407829	3.475115795126271e-8
0.10889292196007259528130671506352	4.440892098500626e-16	0.	0.00002123205698500996	3.534016057571421e-8
0.11070780399274047186932849364791	0.	8.881784197001252e-16	0.000021585920078059928	3.5929163200165704e-8
0.1125226860254083484573502722323	4.440892098500626e-16	8.881784197001252e-16	0.0000219397830227841	3.651816715688483e-8
0.1143375680580762250453720508167	4.440892098500626e-16	0.	0.000022293645819182473	3.7107169781336324e-8
0.11615245009074410163339382940109	4.440892098500626e-16	0.	0.000022647508466366872	3.769617240578782e-8
0.11796733212341197822141560798548	4.440892098500626e-16	2.220446049250313e-15	0.000023001370967001833	3.8285175030239316e-8
0.11978221415607985480943738656987	4.440892098500626e-16	0.	0.000023355233319310997	3.887417676651239e-8
0.12159709618874773139745916515426	4.440892098500626e-16	1.7763568394002505e-15	0.000023709095521962098	3.94631798350531e-8
0.12341197822141560798548094373866	4.440892098500626e-16	8.881784197001252e-16	0.000024062957576287403	4.005218157132617e-8
0.12522686025408348457350272232305	4.440892098500626e-16	0.	0.00002441681948317509	4.064118508395609e-8
0.12704174228675136116152450090744	4.440892098500626e-16	1.7763568394002505e-15	0.00002477068124173698	4.1230187708407584e-8
0.12885662431941923774954627949183	4.440892098500626e-16	0.	0.000025124542851084897	4.181919033285908e-8
0.13067150635208711433756805807623	1.3322676295501878e-15	0.	0.000025478404312107017	4.2408192069132156e-8
0.13248638838475499092558983666062	4.440892098500626e-16	0.	0.00002583226562569152	4.299719602585128e-8
0.13430127041742286751361161524501	4.440892098500626e-16	1.7763568394002505e-15	0.000026186126791394315	4.3586198206213567e-8
0.1361161524500907441016333938294	4.440892098500626e-16	0.	0.000026539987808327226	4.417520127475427e-8
0.13793103448275862068965517241379	1.3322676295501878e-15	8.881784197001252e-16	0.000026893848675157983	4.476420478738419e-8
0.13974591651542649727767695099819	4.440892098500626e-16	8.881784197001252e-16	0.0000272477093954393	4.535320741183568e-8
0.14156079854809437386569872958258	1.3322676295501878e-15	8.881784197001252e-16	0.000027601569967394823	4.594221003628718e-8
0.14337568058076225045372050816697	4.440892098500626e-16	4.440892098500626e-16	0.00002795543039146864	4.6531210440292625e-8
0.14519056261343012704174228675136	4.440892098500626e-16	1.3322676295501878e-15	0.0000283092906654403	4.712021395292254e-8
0.14700544464609800362976406533575	4.440892098500626e-16	0.	0.000028663150793750702	4.7709217021463246e-8
0.14882032667876588021778584392015	4.440892098500626e-16	0.	0.00002901701077195895	4.829821964591474e-8
0.15063520871143375680580762250454	4.440892098500626e-16	1.7763568394002505e-15	0.000029370870601397314	4.888722093809861e-8
0.15245009074410163339382940108893	4.440892098500626e-16	3.1086244689504383e-15	0.00002972473028339806	4.947622578299615e-8
0.15426497277676950998185117967332	4.440892098500626e-16	8.881784197001252e-16	0.00003007858981707301	5.006522751926923e-8
0.15607985480943738656987295825771	4.440892098500626e-16	0.	0.00003043244920331034	5.0654229699631514e-8
0.15789473684210526315789473684211	4.440892098500626e-16	0.	0.00003078630843944552	5.124323276817222e-8
0.1597096188747731397459165154265	4.440892098500626e-16	0.	0.00003114016752903126	5.1832237168980555e-8
0.16152450090744101633393829401089	4.440892098500626e-16	0.	0.000031494026468958936	5.2421237572986e-8
0.16333938294010889292196007259528	4.440892098500626e-16	1.7763568394002505e-15	0.000031847885261448994	5.3010241529705127e-8
0.16515426497277676950998185117967	4.440892098500626e-16	1.7763568394002505e-15	0.000032201743906057345	5.35992432659782e-8
0.16696914700544464609800362976407	4.440892098500626e-16	0.	0.000032555602400563544	5.418824455816207e-8
0.16878402903811252268602540834846	4.440892098500626e-16	0.	0.000032909460747632124	5.4777246738524354e-8
0.17059891107078039927404718693285	4.440892098500626e-16	0.	0.00003326331894637491	5.536624936297585e-8
0.17241379310344827586206896551724	4.440892098500626e-16	4.440892098500626e-16	0.00003361717699723599	5.5955251987427346e-8
0.17422867513611615245009074410163	4.440892098500626e-16	8.881784197001252e-16	0.00003397103489977127	5.654425683232489e-8
0.17604355716878402903811252268603	4.440892098500626e-16	0.	0.000034324892653536665	5.7133259456776386e-8
0.17785843920145190562613430127042	4.440892098500626e-16	0.	0.000034678750258532176	5.772226208122788e-8
0.17967332123411978221415607985481	4.440892098500626e-16	0.	0.00003503260771653416	5.831126381750096e-8
0.1814882032667876588021778584392	4.440892098500626e-16	0.	0.00003538646502487808	5.890026733013087e-8
0.18330308529945553539019963702359	4.440892098500626e-16	1.7763568394002505e-15	0.00003574032218578438	5.948926906640395e-8
0.18511796733212341197822141560799	1.3322676295501878e-15	4.440892098500626e-16	0.000036094179197920795	6.007827257903386e-8
0.18693284936479128856624319419238	4.440892098500626e-16	8.881784197001252e-16	0.00003644803606306368	6.066727431530694e-8
0.18874773139745916515426497277677	4.440892098500626e-16	0.	0.000036801892778548506	6.12562756074908e-8
0.19056261343012704174228675136116	4.440892098500626e-16	0.	0.00003715574934659571	6.184528045238835e-8
0.19237749546279491833030852994555	4.440892098500626e-16	8.881784197001252e-16	0.000037509605765428944	6.243428174457222e-8
0.19419237749546279491833030852995	1.3322676295501878e-15	0.	0.00003786346203638047	6.30232834808453e-8
0.19600725952813067150635208711434	4.440892098500626e-16	1.3322676295501878e-15	0.0000382173181590062	6.361228743756442e-8
0.19782214156079854809437386569873	4.440892098500626e-16	0.	0.00003857117413375022	6.42012896179267e-8
0.19963702359346642468239564428312	1.3322676295501878e-15	1.3322676295501878e-15	0.000038925029959280266	6.47902922423782e-8
0.20145190562613430127041742286751	4.440892098500626e-16	0.	0.000039278885637816785	6.53792948668297e-8
0.20326678765880217785843920145191	4.440892098500626e-16	0.	0.00003963274116758342	6.59682979353704e-8
0.2050816696914700544464609800363	4.440892098500626e-16	4.440892098500626e-16	0.000039986596549024256	6.655730144800032e-8
0.20689655172413793103448275862069	1.3322676295501878e-15	8.881784197001252e-16	0.00004034045178169521	6.714630185200576e-8
0.20871143375680580762250453720508	1.3322676295501878e-15	0.	0.00004069430686648445	6.773530536463568e-8
0.21052631578947368421052631578947	1.3322676295501878e-15	0.	0.00004104816180250381	6.832430710090875e-8
0.21234119782214156079854809437387	4.440892098500626e-16	0.	0.00004140201659019738	6.891331105762788e-8
0.21415607985480943738656987295826	1.3322676295501878e-15	0.	0.000041755871230009234	6.950231323799017e-8
0.21597096188747731397459165154265	1.3322676295501878e-15	1.3322676295501878e-15	0.000042109725721051205	7.009131586244166e-8
0.21778584392014519056261343012704	1.3322676295501878e-15	4.440892098500626e-16	0.00004246358006421147	7.068031759871474e-8
0.21960072595281306715063520871143	4.440892098500626e-16	1.3322676295501878e-15	0.00004281743425904594	7.126932022316623e-8
0.22141560798548094373865698729583	1.3322676295501878e-15	0.	0.00004317128830555461	7.185832240352852e-8
0.22323049001814882032667876588022	1.3322676295501878e-15	1.3322676295501878e-15	0.00004352514220373749	7.244732680433685e-8
0.22504537205081669691470054446461	4.440892098500626e-16	0.	0.00004387899595403866	7.303632942878835e-8
0.226860254083484573502722323049	1.3322676295501878e-15	1.3322676295501878e-15	0.00004423284955601403	7.362533205323984e-8
0.22867513611615245009074410163339	4.440892098500626e-16	4.440892098500626e-16	0.00004458670300833134	7.421433423360213e-8
0.23049001814882032667876588021779	4.440892098500626e-16	0.	0.00004494055631365512	7.480333730214284e-8
0.23230490018148820326678765880218	4.440892098500626e-16	0.	0.00004529440947020902	7.539233948250512e-8
0.23411978221415607985480943738657	4.440892098500626e-16	0.	0.00004564826247843712	7.598134210695662e-8
0.23593466424682395644283121597096	1.3322676295501878e-15	4.440892098500626e-16	0.00004600211533878351	7.657034339914048e-8
0.23774954627949183303085299455535	4.440892098500626e-16	1.3322676295501878e-15	0.00004635596805036002	7.715934735585961e-8
0.23956442831215970961887477313975	4.440892098500626e-16	2.220446049250313e-15	0.00004670982061405482	7.774834864804347e-8
0.24137931034482758620689655172414	4.440892098500626e-16	4.440892098500626e-16	0.000047063673029867914	7.833735171658418e-8
0.24319419237749546279491833030853	4.440892098500626e-16	4.440892098500626e-16	0.000047417525296467034	7.892635300876805e-8
0.24500907441016333938294010889292	4.440892098500626e-16	1.3322676295501878e-15	0.000047771377415184446	7.951535785366559e-8
0.24682395644283121597096188747731	4.440892098500626e-16	1.3322676295501878e-15	0.000048125229385131973	8.010435914584946e-8
0.24863883847549909255898366606171	1.3322676295501878e-15	4.440892098500626e-16	0.000048479081206753705	8.069336088212253e-8
0.2504537205081669691470054446461	4.440892098500626e-16	0.	0.00004883293288093782	8.128236439475245e-8
0.25226860254083484573502722323049	1.3322676295501878e-15	1.3322676295501878e-15	0.000049186784407684314	8.187136701920394e-8
0.25408348457350272232304900181488	4.440892098500626e-16	0.	0.00004954063578344048	8.246037053183386e-8
0.25589836660617059891107078039927	4.440892098500626e-16	1.3322676295501878e-15	0.000049894487012647204	8.304937448855298e-8
0.25771324863883847549909255898367	4.440892098500626e-16	4.440892098500626e-16	0.00005024833809397222	8.363837489255843e-8
0.25952813067150635208711433756806	4.440892098500626e-16	0.	0.000050602189024751	8.422737840518835e-8
0.26134301270417422867513611615245	1.3322676295501878e-15	0.	0.00005095603980809216	8.4816379253283e-8
0.26315789473684210526315789473684	4.440892098500626e-16	0.	0.00005130989044443979	8.540538276591292e-8
0.26497277676950998185117967332123	4.440892098500626e-16	0.	0.00005166374093246162	8.599438405809678e-8
0.26678765880217785843920145190563	4.440892098500626e-16	8.881784197001252e-16	0.00005201759127126948	8.658338712663749e-8
0.26860254083484573502722323049002	4.440892098500626e-16	1.3322676295501878e-15	0.000052371441462195634	8.717239152744582e-8
0.27041742286751361161524500907441	1.3322676295501878e-15	0.	0.00005272529150479599	8.776139193145127e-8
0.2722323049001814882032667876588	1.3322676295501878e-15	8.881784197001252e-16	0.00005307914139818237	8.835039677634882e-8
0.27404718693284936479128856624319	1.3322676295501878e-15	1.7763568394002505e-15	0.000053432991144575226	8.893939718035426e-8
0.27586206896551724137931034482759	1.7763568394002505e-15	1.7763568394002505e-15	0.000053786840742198194	8.952839980480576e-8
0.27767695099818511796733212341198	1.7763568394002505e-15	1.3322676295501878e-15	0.00005414069019105128	9.011740376152488e-8
0.27949183303085299455535390199637	1.3322676295501878e-15	8.881784197001252e-16	0.00005449453949246674	9.070640594188717e-8
0.28130671506352087114337568058076	1.7763568394002505e-15	0.	0.00005484838864511232	9.129540901042787e-8
0.28312159709618874773139745916515	1.3322676295501878e-15	4.440892098500626e-16	0.000055202237649876196	9.188441030261174e-8
0.28493647912885662431941923774955	1.3322676295501878e-15	1.3322676295501878e-15	0.000055556086505870184	9.247341425933087e-8
0.28675136116152450090744101633394	1.3322676295501878e-15	1.3322676295501878e-15	0.000055909935213538375	9.306241643969315e-8
0.28856624319419237749546279491833	1.7763568394002505e-15	1.3322676295501878e-15	0.00005626378377288077	9.365141906414465e-8
0.29038112522686025408348457350272	1.7763568394002505e-15	4.440892098500626e-16	0.00005661763218389737	9.424042035632851e-8
0.29219600725952813067150635208711	1.3322676295501878e-15	4.440892098500626e-16	0.00005697148044747635	9.482942342486922e-8
0.29401088929219600725952813067151	1.7763568394002505e-15	0.	0.00005732532856184136	9.541842604932071e-8
0.2958257713248638838475499092559	1.3322676295501878e-15	0.	0.00005767917652788057	9.600742956195063e-8
0.29764065335753176043557168784029	1.3322676295501878e-15	1.3322676295501878e-15	0.000058033024346926254	9.65964308541345e-8
0.29945553539019963702359346642468	1.7763568394002505e-15	1.3322676295501878e-15	0.000058386872015425695	9.718543347858599e-8
0.30127041742286751361161524500907	1.3322676295501878e-15	4.440892098500626e-16	0.000058740719537819786	9.777443521485907e-8
0.30308529945553539019963702359347	4.440892098500626e-16	4.440892098500626e-16	0.00005909456691055581	9.836343872748898e-8
0.30490018148820326678765880217786	1.3322676295501878e-15	1.7763568394002505e-15	0.00005944841413541013	9.895244179602969e-8
0.30671506352087114337568058076225	1.3322676295501878e-15	0.	0.000059802261212382746	9.954144442048118e-8
0.30852994555353901996370235934664	1.3322676295501878e-15	1.3322676295501878e-15	0.00006015610814102956	1.0013044660084347e-7
0.31034482758620689655172413793103	1.3322676295501878e-15	0.	0.000060509954920462405	1.0071944789302734e-7
0.31215970961887477313974591651543	4.440892098500626e-16	0.	0.00006086380155290172	1.0130845229383567e-7
0.31397459165154264972776769509982	4.440892098500626e-16	4.440892098500626e-16	0.00006121764803657115	1.0189745136557349e-7
0.31578947368421052631578947368421	4.440892098500626e-16	1.3322676295501878e-15	0.00006157149437147069	1.0248645576638182e-7
0.3176043557168784029038112522686	1.3322676295501878e-15	1.3322676295501878e-15	0.00006192534055804444	1.0307546016719016e-7
0.31941923774954627949183303085299	1.3322676295501878e-15	1.3322676295501878e-15	0.00006227918659673648	1.0366446145937402e-7
0.32123411978221415607985480943739	4.440892098500626e-16	0.	0.00006263303248665864	1.0425346230746868e-7
0.32304900181488203266787658802178	4.440892098500626e-16	0.	0.00006298687822958726	1.0484246670827702e-7
0.32486388384754990925589836660617	4.440892098500626e-16	1.3322676295501878e-15	0.00006334072382241374	1.0543146800046088e-7
0.32667876588021778584392014519056	1.3322676295501878e-15	1.3322676295501878e-15	0.00006369456926824668	1.0602047195718001e-7
0.32849364791288566243194192377495	4.440892098500626e-16	1.3322676295501878e-15	0.00006404841456530974	1.0660947324936387e-7
0.33030852994555353901996370235935	1.3322676295501878e-15	4.440892098500626e-16	0.00006440225971360292	1.0719847676199379e-7
0.33212341197822141560798548094374	1.3322676295501878e-15	4.440892098500626e-16	0.00006475610471490256	1.0778748071871291e-7
0.33393829401088929219600725952813	4.440892098500626e-16	4.440892098500626e-16	0.00006510994956698823	1.0837647979045073e-7
0.33575317604355716878402903811252	1.3322676295501878e-15	1.3322676295501878e-15	0.0000654637942711922	1.0896548374716986e-7
0.33756805807622504537205081669691	1.3322676295501878e-15	4.440892098500626e-16	0.00006581763882618219	1.0955448637162135e-7
0.33938294010889292196007259528131	4.440892098500626e-16	4.440892098500626e-16	0.00006617148323373456	1.1014348855198364e-7
0.3411978221415607985480943738657	4.440892098500626e-16	0.	0.00006652532749296114	1.1073249162052434e-7
0.34301270417422867513611615245009	1.3322676295501878e-15	0.	0.00006687917160430601	1.1132149291270821e-7
0.34482758620689655172413793103448	4.440892098500626e-16	0.	0.0000672330155664369	1.119104955371597e-7
0.34664246823956442831215970961887	1.7763568394002505e-15	1.3322676295501878e-15	0.000067586859380242	1.1249949904978962e-7
0.34845735027223230490018148820327	1.7763568394002505e-15	8.881784197001252e-16	0.00006794070304660949	1.1308850211833033e-7
0.35027223230490018148820326678766	1.7763568394002505e-15	0.	0.00006829454656465117	1.1367750429869261e-7
0.35208711433756805807622504537205	1.7763568394002505e-15	4.440892098500626e-16	0.00006864838993303479	1.1426650825541174e-7
0.35390199637023593466424682395644	4.440892098500626e-16	1.3322676295501878e-15	0.00006900223315442489	1.1485550865941718e-7
0.35571687840290381125226860254083	1.3322676295501878e-15	1.3322676295501878e-15	0.00006935607622748918	1.1544451083977947e-7
0.35753176043557168784029038112523	1.7763568394002505e-15	1.3322676295501878e-15	0.0000697099191513395	1.1603351346423096e-7
0.35934664246823956442831215970962	1.3322676295501878e-15	1.3322676295501878e-15	0.0000700637619281963	1.166225178650393e-7
0.36116152450090744101633393829401	1.7763568394002505e-15	4.440892098500626e-16	0.00007041760455495094	1.1721151782495554e-7
0.3629764065335753176043557168784	1.7763568394002505e-15	0.	0.00007077144703560023	1.1780052133758545e-7
0.36479128856624319419237749546279	1.7763568394002505e-15	4.440892098500626e-16	0.00007112528936703555	1.1838952307385853e-7
0.36660617059891107078039927404719	1.3322676295501878e-15	0.	0.00007147913154970098	1.1897852569831002e-7
0.36842105263157894736842105263158	1.7763568394002505e-15	4.440892098500626e-16	0.0000718329735849288	1.1956752921093994e-7
0.37023593466424682395644283121597	1.7763568394002505e-15	0.	0.00007218681547138672	1.201565305031238e-7
0.37205081669691470054446460980036	1.7763568394002505e-15	0.	0.00007254065720951886	1.207455335716645e-7
0.37386569872958257713248638838475	1.7763568394002505e-15	4.440892098500626e-16	0.0000728944987988811	1.2133453708429442e-7
0.37568058076225045372050816696915	1.7763568394002505e-15	4.440892098500626e-16	0.00007324834024124982	1.219235388205675e-7
0.37749546279491833030852994555354	1.3322676295501878e-15	4.440892098500626e-16	0.00007360218153529274	1.2251254011275137e-7
0.37931034482758620689655172413793	1.7763568394002505e-15	4.440892098500626e-16	0.0000739560226796776	1.2310154273720286e-7
0.38112522686025408348457350272232	1.7763568394002505e-15	0.	0.00007430986367706893	1.2369054624983278e-7
0.38294010889292196007259528130672	1.7763568394002505e-15	0.	0.0000746637045248022	1.2427954931837348e-7
0.38475499092558983666061705989111	1.7763568394002505e-15	1.3322676295501878e-15	0.00007501754522554194	1.2486855194282498e-7
0.3865698729582577132486388384755	1.7763568394002505e-15	1.3322676295501878e-15	0.0000753713857770677	1.2545755412318726e-7
0.38838475499092558983666061705989	1.7763568394002505e-15	1.3322676295501878e-15	0.00007572522618071176	1.2604655585946034e-7
0.39019963702359346642468239564428	1.7763568394002505e-15	0.	0.00007607906643647411	1.2663555803982263e-7
0.39201451905626134301270417422868	1.7763568394002505e-15	1.3322676295501878e-15	0.00007643290654302248	1.2722456066427412e-7
0.39382940108892921960072595281307	1.7763568394002505e-15	4.440892098500626e-16	0.00007678674650168915	1.2781356328872562e-7
0.39564428312159709618874773139746	1.7763568394002505e-15	4.440892098500626e-16	0.0000771405863129182	1.2840256591317711e-7
0.39745916515426497277676950998185	1.7763568394002505e-15	0.	0.00007749442597493328	1.289915685376286e-7
0.39927404718693284936479128856624	1.7763568394002505e-15	0.	0.00007784826548862256	1.295805711620801e-7
0.40108892921960072595281306715064	1.7763568394002505e-15	1.3322676295501878e-15	0.00007820210485354195	1.3016957289835318e-7
0.40290381125226860254083484573503	1.7763568394002505e-15	0.	0.00007855594407146782	1.3075857552280468e-7
0.40471869328493647912885662431942	1.7763568394002505e-15	0.	0.00007890978314106789	1.3134757770316696e-7
0.40653357531760435571687840290381	1.7763568394002505e-15	4.440892098500626e-16	0.00007926362206189808	1.3193658032761846e-7
0.4083484573502722323049001814882	1.7763568394002505e-15	1.3322676295501878e-15	0.00007961746083395838	1.3252558295206995e-7
0.4101633393829401088929219600726	1.7763568394002505e-15	8.881784197001252e-16	0.00007997129945813697	1.3311458557652145e-7
0.41197822141560798548094373865699	1.7763568394002505e-15	1.3322676295501878e-15	0.00008032513793487794	1.3370358731279453e-7
0.41379310344827586206896551724138	1.7763568394002505e-15	0.	0.00008067897626107268	1.3429258993724602e-7
0.41560798548094373865698729582577	1.7763568394002505e-15	1.3322676295501878e-15	0.00008103281444071797	1.3488159344987594e-7
0.41742286751361161524500907441016	1.7763568394002505e-15	1.3322676295501878e-15	0.00008138665247203747	1.3547059385388138e-7
0.41923774954627949183303085299456	1.7763568394002505e-15	1.7763568394002505e-15	0.00008174049035458708	1.360595973665113e-7
0.42105263157894736842105263157895	1.7763568394002505e-15	0.	0.00008209432808925499	1.36648600435052e-7
0.42286751361161524500907441016334	1.7763568394002505e-15	0.	0.00008244816567470892	1.3723760128314666e-7
0.42468239564428312159709618874773	1.7763568394002505e-15	1.3322676295501878e-15	0.00008280200311361341	1.3782660435168737e-7
0.42649727767695099818511796733212	1.3322676295501878e-15	4.440892098500626e-16	0.00008315584040330393	1.3841560786431728e-7
0.42831215970961887477313974591652	1.7763568394002505e-15	4.440892098500626e-16	0.00008350967754466865	1.3900460960059036e-7
0.43012704174228675136116152450091	1.7763568394002505e-15	1.3322676295501878e-15	0.00008386351453770757	1.3959361311322027e-7
0.4319419237749546279491833030853	1.7763568394002505e-15	1.3322676295501878e-15	0.00008421735138286479	1.4018261351722572e-7
0.43375680580762250453720508166969	1.7763568394002505e-15	0.	0.00008457118807925212	1.40771615697588e-7
0.43557168784029038112522686025408	2.6645352591003757e-15	0.	0.00008492502462775775	1.413606187661287e-7
0.43738656987295825771324863883848	1.7763568394002505e-15	8.881784197001252e-16	0.00008527886102838167	1.4194962227875862e-7
0.43920145190562613430127041742287	1.7763568394002505e-15	4.440892098500626e-16	0.00008563269727979161	1.4253862490321012e-7
0.44101633393829401088929219600726	1.7763568394002505e-15	0.	0.00008598653338243167	1.4312762619539399e-7
0.44283121597096188747731397459165	1.7763568394002505e-15	8.881784197001252e-16	0.0000863403693380782	1.437166292639347e-7
0.44464609800362976406533575317604	1.7763568394002505e-15	1.3322676295501878e-15	0.00008669420514495485	1.443056318883862e-7
0.44646098003629764065335753176044	1.7763568394002505e-15	4.440892098500626e-16	0.0000870480408035057	1.4489463451283768e-7
0.44827586206896551724137931034483	1.7763568394002505e-15	4.440892098500626e-16	0.00008740187631373075	1.4548363669319997e-7
0.45009074410163339382940108892922	1.7763568394002505e-15	0.	0.0000877557116760741	1.4607263931765146e-7
0.45190562613430127041742286751361	2.6645352591003757e-15	8.881784197001252e-16	0.00008810954688875938	1.4666164060983533e-7
0.453720508166969147005444646098	1.7763568394002505e-15	1.3322676295501878e-15	0.00008846338195489523	1.4725064367837604e-7
0.4555353901996370235934664246824	1.7763568394002505e-15	1.3322676295501878e-15	0.0000888172168718171	1.4783964585873832e-7
0.45735027223230490018148820326679	1.7763568394002505e-15	0.	0.00008917105164130135	1.484286475950114e-7
0.45916515426497277676950998185118	1.7763568394002505e-15	4.440892098500626e-16	0.00008952488626112753	1.490176502194629e-7
0.46098003629764065335753176043557	1.7763568394002505e-15	1.3322676295501878e-15	0.00008987872073262793	1.496066537320928e-7
0.46279491833030852994555353901996	1.7763568394002505e-15	0.	0.00009023255505757888	1.501956563565443e-7
0.46460980036297640653357531760436	1.7763568394002505e-15	4.440892098500626e-16	0.00009058638923331586	1.5078465809281738e-7
0.46642468239564428312159709618875	2.6645352591003757e-15	1.3322676295501878e-15	0.00009094022326072704	1.513736616054473e-7
0.46823956442831215970961887477314	1.7763568394002505e-15	0.	0.00009129405713981242	1.519626642298988e-7
0.47005444646098003629764065335753	1.7763568394002505e-15	0.	0.0000916478908710161	1.5255166374572582e-7
0.47186932849364791288566243194192	1.7763568394002505e-15	4.440892098500626e-16	0.0000920017244530058	1.5314066725835573e-7
0.47368421052631578947368421052632	2.6645352591003757e-15	1.3322676295501878e-15	0.00009235555788800198	1.537296689946288e-7
0.47549909255898366606170598911071	2.6645352591003757e-15	4.440892098500626e-16	0.00009270939117422827	1.543186711749911e-7
0.4773139745916515426497277676951	1.7763568394002505e-15	4.440892098500626e-16	0.00009306322431212877	1.5490767513171022e-7
0.47912885662431941923774954627949	1.7763568394002505e-15	4.440892098500626e-16	0.00009341705730170347	1.554966764238941e-7
0.48094373865698729582577132486388	1.7763568394002505e-15	2.220446049250313e-15	0.00009377089014250828	1.560856794924348e-7
0.48275862068965517241379310344828	1.7763568394002505e-15	0.	0.00009412472283631956	1.566746825609755e-7
0.48457350272232304900181488203267	1.7763568394002505e-15	1.3322676295501878e-15	0.00009447855538047278	1.572636856295162e-7
0.48638838475499092558983666061706	1.7763568394002505e-15	0.	0.0000948323877767443	1.578526882539677e-7
0.48820326678765880217785843920145	1.7763568394002505e-15	0.	0.0000951862200255782	1.5844168954615157e-7
0.49001814882032667876588021778584	1.7763568394002505e-15	0.	0.00009554005212475403	1.5903069128242464e-7
0.49183303085299455535390199637024	1.7763568394002505e-15	0.	0.00009589388407604815	1.5961969479505456e-7
0.49364791288566243194192377495463	1.7763568394002505e-15	4.440892098500626e-16	0.00009624771587990466	1.6020869830768447e-7
0.49546279491833030852994555353902	2.6645352591003757e-15	4.440892098500626e-16	0.00009660154753499128	1.6079769871168992e-7
0.49727767695099818511796733212341	1.7763568394002505e-15	0.	0.00009695537904175211	1.61386700447963e-7
0.4990925589836660617059891107078	1.7763568394002505e-15	0.	0.00009730921040018714	1.6197570484877133e-7
0.5009074410163339382940108892922	3.552713678800501e-15	0.	0.00009766304160985229	1.6256470747322282e-7
0.50272232304900181488203266787659	1.7763568394002505e-15	0.	0.00009801687267163572	1.6315370832131748e-7
0.50453720508166969147005444646098	2.6645352591003757e-15	1.3322676295501878e-15	0.00009837070358509337	1.6374270961350135e-7
0.50635208711433756805807622504537	1.7763568394002505e-15	4.440892098500626e-16	0.00009872453435200157	1.6433171357022047e-7
0.50816696914700544464609800362976	1.7763568394002505e-15	0.	0.00009907836496880762	1.6492071441831513e-7
0.50998185117967332123411978221416	1.7763568394002505e-15	0.	0.00009943219543684378	1.6550971748685583e-7
0.51179673321234119782214156079855	1.7763568394002505e-15	4.440892098500626e-16	0.00009978602575833051	1.6609872099948575e-7
0.51361161524500907441016333938294	2.6645352591003757e-15	0.	0.000100139855929271	1.6668772362393725e-7
0.51542649727767695099818511796733	2.6645352591003757e-15	0.	0.00010049368595455022	1.6727672536021032e-7
0.51724137931034482758620689655172	1.7763568394002505e-15	1.3322676295501878e-15	0.00010084751583017137	1.6786572620830498e-7
0.51905626134301270417422867513612	2.6645352591003757e-15	0.	0.00010120134555657856	1.684547301650241e-7
0.52087114337568058076225045372051	2.6645352591003757e-15	0.	0.00010155517513599222	1.6904373145720797e-7
0.5226860254083484573502722323049	2.6645352591003757e-15	8.881784197001252e-16	0.00010190900456708007	1.6963273452574867e-7
0.52450090744101633393829401088929	2.6645352591003757e-15	1.3322676295501878e-15	0.00010226283384984214	1.702217380383786e-7
0.52631578947368421052631578947368	2.6645352591003757e-15	0.	0.0001026166629842784	1.7081074066283009e-7
0.52813067150635208711433756805808	2.6645352591003757e-15	4.440892098500626e-16	0.00010297049196994479	1.7139974239910316e-7
0.52994555353901996370235934664247	1.7763568394002505e-15	0.	0.00010332432080861764	1.7198874457946545e-7
0.53176043557168784029038112522686	1.7763568394002505e-15	0.	0.00010367814949718834	1.725777458716493e-7
0.53357531760435571687840290381125	1.7763568394002505e-15	1.3322676295501878e-15	0.0001040319780392096	1.7316674982836844e-7
0.53539019963702359346642468239564	1.7763568394002505e-15	0.	0.00010438580643201689	1.7375575156464151e-7
0.53720508166969147005444646098004	1.7763568394002505e-15	8.881784197001252e-16	0.00010473963467694247	1.7434475507727143e-7
0.53901996370235934664246823956443	1.7763568394002505e-15	1.3322676295501878e-15	0.00010509346277265408	1.749337568135445e-7
0.54083484573502722323049001814882	1.7763568394002505e-15	0.	0.00010544729072092807	1.75522759437996e-7
0.54264972776769509981851179673321	1.7763568394002505e-15	4.440892098500626e-16	0.00010580111852087626	1.761117620624475e-7
0.5444646098003629764065335753176	1.7763568394002505e-15	0.	0.00010615494617294274	1.7670076291054215e-7
0.546279491833030852994555353902	1.7763568394002505e-15	1.7763568394002505e-15	0.00010650877367579525	1.7728976597908286e-7
0.54809437386569872958257713248639	2.6645352591003757e-15	1.7763568394002505e-15	0.00010686260103121015	1.7787876727126672e-7
0.54990925589836660617059891107078	1.7763568394002505e-15	0.	0.00010721642823741107	1.7846777122798585e-7
0.55172413793103448275862068965517	1.7763568394002505e-15	1.3322676295501878e-15	0.00010757025529573028	1.7905677252016972e-7
0.55353901996370235934664246823956	1.7763568394002505e-15	0.	0.00010792408220616778	1.7964577603279963e-7
0.55535390199637023593466424682396	1.7763568394002505e-15	4.440892098500626e-16	0.0001082779089678354	1.802347773249835e-7
0.55716878402903811252268602540835	1.7763568394002505e-15	0.	0.00010863173558295358	1.80823779949435e-7
0.55898366606170598911070780399274	1.7763568394002505e-15	0.	0.00010898556204752552	1.8141278168570807e-7
0.56079854809437386569872958257713	1.7763568394002505e-15	0.	0.00010933938836510393	1.8200178519833798e-7
0.56261343012704174228675136116152	2.6645352591003757e-15	0.	0.00010969321453302427	1.8259078693461106e-7
0.56442831215970961887477313974592	2.6645352591003757e-15	4.440892098500626e-16	0.00011004704055439518	1.8317978955906256e-7
0.56624319419237749546279491833031	1.7763568394002505e-15	0.	0.00011040086642610802	1.8376879307169247e-7
0.5680580762250453720508166969147	1.7763568394002505e-15	1.7763568394002505e-15	0.00011075469215127143	1.8435779569614397e-7
0.56987295825771324863883847549909	1.7763568394002505e-15	0.	0.00011110851772588859	1.849467961001494e-7
0.57168784029038112522686025408348	2.6645352591003757e-15	1.7763568394002505e-15	0.00011146234315395631	1.855357978364225e-7
0.57350272232304900181488203266788	1.7763568394002505e-15	4.440892098500626e-16	0.00011181616843281006	1.8612480223723082e-7
0.57531760435571687840290381125227	2.6645352591003757e-15	4.440892098500626e-16	0.0001121699935637821	1.8671380264123627e-7
0.57713248638838475499092558983666	1.7763568394002505e-15	0.	0.00011252381854687243	1.8730280570977698e-7
0.57894736842105263157894736842105	1.7763568394002505e-15	0.	0.00011287764338163697	1.878918092224069e-7
0.58076225045372050816696914700544	2.6645352591003757e-15	0.	0.00011323146806718754	1.8848081051459076e-7
0.58257713248638838475499092558984	2.6645352591003757e-15	0.	0.00011358529260530048	1.8906981313904225e-7
0.58439201451905626134301270417423	1.7763568394002505e-15	4.440892098500626e-16	0.00011393911699464354	1.8965881709576138e-7
0.58620689655172413793103448275862	2.6645352591003757e-15	4.440892098500626e-16	0.00011429294123654898	1.9024781749976682e-7
0.58802177858439201451905626134301	1.7763568394002505e-15	1.3322676295501878e-15	0.00011464676532879636	1.908368196801291e-7
0.5898366606170598911070780399274	1.7763568394002505e-15	0.	0.00011500058927493839	1.9142582141640219e-7
0.5916515426497277676950998185118	2.6645352591003757e-15	0.	0.00011535441307097827	1.9201482404085368e-7
0.59346642468239564428312159709619	1.7763568394002505e-15	0.	0.00011570823671869235	1.926038275534836e-7
0.59528130671506352087114337568058	1.7763568394002505e-15	0.	0.00011606206021896881	1.9319282928975667e-7
0.59709618874773139745916515426497	1.7763568394002505e-15	4.440892098500626e-16	0.00011641588357091948	1.9378183191420817e-7
0.59891107078039927404718693284936	2.6645352591003757e-15	1.7763568394002505e-15	0.00011676970677454435	1.9437083409457045e-7
0.60072595281306715063520871143376	2.6645352591003757e-15	0.	0.00011712352983028751	1.9495983583084353e-7
0.60254083484573502722323049001815	1.7763568394002505e-15	1.7763568394002505e-15	0.00011747735273592852	1.955488371230274e-7
0.60435571687840290381125226860254	1.7763568394002505e-15	1.7763568394002505e-15	0.000117831175494576	1.9613784196792494e-7
0.60617059891107078039927404718693	1.7763568394002505e-15	4.440892098500626e-16	0.00011818499810489769	1.967268432601088e-7
0.60798548094373865698729582577132	1.7763568394002505e-15	0.	0.00011853882056778176	1.973158458845603e-7
0.60980036297640653357531760435572	1.7763568394002505e-15	0.	0.00011889264288100776	1.9790484762083338e-7
0.61161524500907441016333938294011	1.7763568394002505e-15	1.7763568394002505e-15	0.00011924646504679615	1.984938511334633e-7
0.6134301270417422867513611615245	1.7763568394002505e-15	0.	0.00011960028706425874	1.9908285242564716e-7
0.61524500907441016333938294010889	1.7763568394002505e-15	0.	0.00011995410893295144	1.9967185638236629e-7
0.61705989110707803992740471869328	1.7763568394002505e-15	1.3322676295501878e-15	0.00012030793065331835	2.0026085767455015e-7
0.61887477313974591651542649727768	1.7763568394002505e-15	0.	0.00012066175222580355	2.0084985896673402e-7
0.62068965517241379310344827586207	1.7763568394002505e-15	0.	0.00012101557365085114	2.0143886159118551e-7
0.62250453720508166969147005444646	1.7763568394002505e-15	1.7763568394002505e-15	0.00012136939492712884	2.0202786465972622e-7
0.62431941923774954627949183303085	1.7763568394002505e-15	0.	0.00012172321605463665	2.026168668400885e-7
0.62613430127041742286751361161525	1.7763568394002505e-15	0.	0.00012207703703337458	2.0320586857636158e-7
0.62794918330308529945553539019964	1.7763568394002505e-15	1.3322676295501878e-15	0.00012243085786511898	2.037948720889915e-7
0.62976406533575317604355716878403	1.7763568394002505e-15	0.	0.00012278467854853758	2.0438387338117536e-7
0.63157894736842105263157894736842	1.7763568394002505e-15	8.881784197001252e-16	0.00012313849908229813	2.0497287644971607e-7
0.63339382940108892921960072595281	2.6645352591003757e-15	0.	0.00012349231946862105	2.055618804064352e-7
0.63520871143375680580762250453721	1.7763568394002505e-15	4.440892098500626e-16	0.00012384613970750635	2.0615088125452985e-7
0.6370235934664246823956442831216	1.7763568394002505e-15	8.881784197001252e-16	0.0001241999597962895	2.067398816585353e-7
0.63883847549909255898366606170599	1.7763568394002505e-15	4.440892098500626e-16	0.00012455377973807913	2.07328884727076e-7
0.64065335753176043557168784029038	1.3322676295501878e-15	4.440892098500626e-16	0.00012490759953198705	2.079178873515275e-7
0.64246823956442831215970961887477	1.7763568394002505e-15	1.7763568394002505e-15	0.0001252614191762369	2.08506889975979e-7
0.64428312159709618874773139745917	1.7763568394002505e-15	4.440892098500626e-16	0.00012561523867349322	2.0909589126816286e-7
0.64609800362976406533575317604356	1.7763568394002505e-15	4.440892098500626e-16	0.00012596905802242375	2.0968489344852514e-7
0.64791288566243194192377495462795	1.7763568394002505e-15	0.	0.0001263228772225844	2.1027389740524427e-7
0.64972776769509981851179673321234	1.7763568394002505e-15	0.	0.00012667669627441924	2.1086289869742814e-7
0.65154264972776769509981851179673	1.3322676295501878e-15	4.440892098500626e-16	0.00012703051517881647	2.114519004337012e-7
0.65335753176043557168784029038113	1.7763568394002505e-15	0.	0.00012738433393399973	2.1204090394633113e-7
0.65517241379310344827586206896552	1.7763568394002505e-15	0.	0.00012773815254085719	2.12629905238515e-7
0.65698729582577132486388384754991	1.7763568394002505e-15	0.	0.00012809197099983294	2.1321890697478807e-7
0.6588021778584392014519056261343	1.7763568394002505e-15	4.440892098500626e-16	0.00012844578930959472	2.1380790959923957e-7
0.66061705989110707803992740471869	1.7763568394002505e-15	1.3322676295501878e-15	0.00012879960747280705	2.1439691177960185e-7
0.66243194192377495462794918330309	2.6645352591003757e-15	0.	0.00012915342548636133	2.1498591440405335e-7
0.66424682395644283121597096188748	1.7763568394002505e-15	1.3322676295501878e-15	0.00012950724335247799	2.1557491880486168e-7
0.66606170598911070780399274047187	1.7763568394002505e-15	8.881784197001252e-16	0.00012986106107071294	2.161639183206887e-7
0.66787658802177858439201451905626	1.7763568394002505e-15	0.	0.00013021487863928982	2.1675292138922941e-7
0.66969147005444646098003629764065	1.3322676295501878e-15	4.440892098500626e-16	0.0001305686960604291	2.173419240136809e-7
0.67150635208711433756805807622505	1.7763568394002505e-15	1.3322676295501878e-15	0.00013092251333324256	2.1793092397359715e-7
0.67332123411978221415607985480944	1.7763568394002505e-15	0.	0.00013127633045817433	2.1851992793031627e-7
0.67513611615245009074410163339383	1.7763568394002505e-15	4.440892098500626e-16	0.0001316301474343362	2.1910893055476777e-7
0.67695099818511796733212341197822	1.7763568394002505e-15	0.	0.0001319839642621723	2.1969793184695163e-7
0.67876588021778584392014519056261	1.7763568394002505e-15	1.3322676295501878e-15	0.00013233778094212667	2.2028693535958155e-7
0.68058076225045372050816696914701	1.7763568394002505e-15	0.	0.00013269159747331116	2.2087593798403304e-7
0.6823956442831215970961887477314	1.7763568394002505e-15	1.3322676295501878e-15	0.00013304541385750213	2.2146494060848454e-7
0.68421052631578947368421052631579	1.7763568394002505e-15	1.7763568394002505e-15	0.00013339923009203503	2.2205394234475762e-7
0.68602540834845735027223230490018	1.7763568394002505e-15	0.	0.00013375304617824213	2.2264294363694148e-7
0.68784029038112522686025408348457	1.7763568394002505e-15	2.6645352591003757e-15	0.0001341068621174557	2.232319467054822e-7
0.68965517241379310344827586206897	1.7763568394002505e-15	1.3322676295501878e-15	0.00013446067790701122	2.2382094888584447e-7
0.69147005444646098003629764065336	1.7763568394002505e-15	1.3322676295501878e-15	0.00013481449354824093	2.2440995195438518e-7
0.69328493647912885662431941923775	1.7763568394002505e-15	2.6645352591003757e-15	0.00013516830904247712	2.2499895280247983e-7
0.69509981851179673321234119782214	1.7763568394002505e-15	0.	0.00013552212438749933	2.2558795587102054e-7
0.69691470054446460980036297640653	1.7763568394002505e-15	1.3322676295501878e-15	0.00013587593958463984	2.261769571632044e-7
0.69872958257713248638838475499093	1.7763568394002505e-15	4.440892098500626e-16	0.00013622975463345455	2.267659597876559e-7
0.70054446460980036297640653357532	2.6645352591003757e-15	1.3322676295501878e-15	0.00013658356953438755	2.2735496107983977e-7
0.70235934664246823956442831215971	1.7763568394002505e-15	1.3322676295501878e-15	0.00013693738428699476	2.279439650365589e-7
0.7041742286751361161524500907441	1.7763568394002505e-15	4.440892098500626e-16	0.00013729119889083208	2.2853296721692118e-7
0.70598911070780399274047186932849	1.7763568394002505e-15	1.3322676295501878e-15	0.00013764501334589951	2.2912196762092663e-7
0.70780399274047186932849364791289	1.7763568394002505e-15	1.3322676295501878e-15	0.0001379988276548616	2.2971097157764575e-7
0.70961887477313974591651542649728	1.7763568394002505e-15	0.	0.00013835264181283335	2.3029997375800804e-7
0.71143375680580762250453720508167	1.7763568394002505e-15	1.3322676295501878e-15	0.00013870645582514385	2.3088897682654874e-7
0.71324863883847549909255898366606	1.7763568394002505e-15	4.440892098500626e-16	0.0001390602696869081	2.3147797900691103e-7
0.71506352087114337568058076225045	1.7763568394002505e-15	4.440892098500626e-16	0.00013941408340123473	2.320669802990949e-7
0.71687840290381125226860254083485	1.7763568394002505e-15	1.3322676295501878e-15	0.00013976789696856784	2.326559833676356e-7
0.71869328493647912885662431941924	1.7763568394002505e-15	4.440892098500626e-16	0.00014012171038668697	2.3324498554799789e-7
0.72050816696914700544464609800363	1.7763568394002505e-15	1.3322676295501878e-15	0.00014047552365603622	2.3383398595200333e-7
0.72232304900181488203266787658802	1.7763568394002505e-15	4.440892098500626e-16	0.00014082933677750376	2.3442298857645483e-7
0.72413793103448275862068965517241	1.7763568394002505e-15	1.3322676295501878e-15	0.00014118314974975732	2.3501199253317395e-7
0.72595281306715063520871143375681	1.7763568394002505e-15	4.440892098500626e-16	0.00014153696257546144	2.3560099471353624e-7
0.7277676950998185117967332123412	1.7763568394002505e-15	4.440892098500626e-16	0.0001418907752519516	2.361899955616309e-7
0.72958257713248638838475499092559	1.7763568394002505e-15	4.440892098500626e-16	0.00014224458778144822	2.367789981860824e-7
0.73139745916515426497277676950998	1.7763568394002505e-15	1.7763568394002505e-15	0.0001425984001608427	2.3736800081053389e-7
0.73321234119782214156079854809437	1.7763568394002505e-15	0.	0.00014295221239279954	2.3795700210271775e-7
0.73502722323049001814882032667877	1.7763568394002505e-15	0.	0.0001433060244764306	2.3854600472716925e-7
0.73684210526315789473684210526316	1.7763568394002505e-15	0.	0.00014365983641217994	2.3913500735162074e-7
0.73865698729582577132486388384755	1.7763568394002505e-15	0.	0.0001440136481991594	2.3972400997607224e-7
0.74047186932849364791288566243194	1.7763568394002505e-15	1.3322676295501878e-15	0.00014436745983825716	2.403130108241669e-7
0.74228675136116152450090744101633	1.7763568394002505e-15	4.440892098500626e-16	0.00014472127132902912	2.4090201256043997e-7
0.74410163339382940108892921960073	1.7763568394002505e-15	1.3322676295501878e-15	0.00014507508267014302	2.4149101518489147e-7
0.74591651542649727767695099818512	1.7763568394002505e-15	1.3322676295501878e-15	0.00014542889386515157	2.4208001780934296e-7
0.74773139745916515426497277676951	1.7763568394002505e-15	1.3322676295501878e-15	0.00014578270491139023	2.4266902043379446e-7
0.7495462794918330308529945553539	1.7763568394002505e-15	1.3322676295501878e-15	0.0001461365158084149	2.4325802261415674e-7
0.75136116152450090744101633393829	1.7763568394002505e-15	0.	0.0001464903265571138	2.4384702657087587e-7
0.75317604355716878402903811252269	1.3322676295501878e-15	0.	0.00014684413715926325	2.4443602919532736e-7
0.75499092558983666061705989110708	1.7763568394002505e-15	4.440892098500626e-16	0.00014719794761264282	2.450250295993328e-7
0.75680580762250453720508166969147	1.3322676295501878e-15	8.881784197001252e-16	0.00014755175791636432	2.456140331119627e-7
0.75862068965517241379310344827586	1.3322676295501878e-15	1.3322676295501878e-15	0.00014790556807176003	2.462030348482358e-7
0.76043557168784029038112522686025	1.3322676295501878e-15	1.3322676295501878e-15	0.00014825937808149448	2.467920374726873e-7
0.76225045372050816696914700544465	1.7763568394002505e-15	1.3322676295501878e-15	0.0001486131879397945	2.4738103876487116e-7
0.76406533575317604355716878402904	1.7763568394002505e-15	2.6645352591003757e-15	0.00014896699765243326	2.479700422775011e-7
0.76588021778584392014519056261343	1.3322676295501878e-15	1.3322676295501878e-15	0.00014932080721496988	2.4855904312559574e-7
0.76769509981851179673321234119782	1.7763568394002505e-15	0.	0.00014967461663006887	2.4914804663822565e-7
0.76950998185117967332123411978221	1.7763568394002505e-15	8.881784197001252e-16	0.00015002842589684207	2.4973704837449873e-7
0.77132486388384754990925589836661	1.7763568394002505e-15	0.	0.00015038223501573356	2.50326050554861e-7
0.773139745916515426497277676951	1.7763568394002505e-15	0.	0.00015073604398541107	2.509150531793125e-7
0.77495462794918330308529945553539	1.7763568394002505e-15	4.440892098500626e-16	0.00015108985280765097	2.515040544714964e-7
0.77676950998185117967332123411978	1.7763568394002505e-15	0.	0.0001514436614806769	2.5209305620776945e-7
0.77858439201451905626134301270417	1.7763568394002505e-15	1.3322676295501878e-15	0.0001517974700058211	2.5268205883222095e-7
0.78039927404718693284936479128857	1.7763568394002505e-15	0.	0.0001521512783839718	2.5327106145667244e-7
0.78221415607985480943738656987296	1.3322676295501878e-15	1.7763568394002505e-15	0.00015250508661202034	2.5386006363703473e-7
0.78402903811252268602540834845735	1.7763568394002505e-15	0.	0.00015285889469351943	2.544490653733078e-7
0.78584392014519056261343012704174	1.3322676295501878e-15	4.440892098500626e-16	0.00015321270262580455	2.550380675536701e-7
0.78765880217785843920145190562613	1.3322676295501878e-15	4.440892098500626e-16	0.00015356651041109615	2.5562706928994317e-7
0.78947368421052631578947368421053	1.7763568394002505e-15	4.440892098500626e-16	0.0001539203180462856	2.5621607102621624e-7
0.79128856624319419237749546279492	1.7763568394002505e-15	1.3322676295501878e-15	0.0001542741255340374	2.5680507409475695e-7
0.79310344827586206896551724137931	1.7763568394002505e-15	1.3322676295501878e-15	0.00015462793287390753	2.5739407671920844e-7
0.7949183303085299455535390199637	1.7763568394002505e-15	1.3322676295501878e-15	0.00015498174006411958	2.579830784554815e-7
0.79673321234119782214156079854809	1.7763568394002505e-15	0.	0.0001553355471077822	2.585720797476654e-7
0.79854809437386569872958257713249	1.3322676295501878e-15	0.	0.00015568935400178674	2.5916108148393846e-7
0.80036297640653357531760435571688	1.7763568394002505e-15	1.3322676295501878e-15	0.00015604316074835367	2.597500849965684e-7
0.80217785843920145190562613430127	1.7763568394002505e-15	1.3322676295501878e-15	0.0001563969673470389	2.6033908762101987e-7
0.80399274047186932849364791288566	1.7763568394002505e-15	4.440892098500626e-16	0.00015675077379695423	2.6092809024547137e-7
0.80580762250453720508166969147005	1.3322676295501878e-15	0.	0.00015710458009898787	2.6151709153765523e-7
0.80762250453720508166969147005445	1.7763568394002505e-15	1.3322676295501878e-15	0.00015745838625180753	2.6210609416210673e-7
0.80943738656987295825771324863884	1.3322676295501878e-15	0.	0.00015781219225718957	2.626950967865582e-7
0.81125226860254083484573502722323	1.3322676295501878e-15	0.	0.0001581659981142458	2.6328409719056367e-7
0.81306715063520871143375680580762	1.7763568394002505e-15	0.	0.00015851980382253217	2.6387309981501517e-7
0.81488203266787658802177858439201	1.7763568394002505e-15	4.440892098500626e-16	0.00015887360938293682	2.6446210243946666e-7
0.81669691470054446460980036297641	1.3322676295501878e-15	8.881784197001252e-16	0.00015922741479501568	2.650511063961858e-7
0.8185117967332123411978221415608	1.7763568394002505e-15	1.7763568394002505e-15	0.00015958122005921282	2.6564010724428044e-7
0.82032667876588021778584392014519	1.3322676295501878e-15	0.	0.0001599350251746401	2.6622910986873194e-7
0.82214156079854809437386569872958	1.7763568394002505e-15	0.	0.00016028883014218565	2.66818111605005e-7
0.82395644283121597096188747731397	1.7763568394002505e-15	1.3322676295501878e-15	0.0001606426349614054	2.674071142294565e-7
0.82577132486388384754990925589837	1.7763568394002505e-15	0.	0.0001609964396314112	2.679961155216404e-7
0.82758620689655172413793103448276	1.7763568394002505e-15	0.	0.00016135024415575572	2.685851194783595e-7
0.82940108892921960072595281306715	1.7763568394002505e-15	0.	0.00016170404852866582	2.6917411988236495e-7
0.83121597096188747731397459165154	1.7763568394002505e-15	0.	0.0001620578527550265	2.697631211745488e-7
0.83303085299455535390199637023593	1.3322676295501878e-15	1.7763568394002505e-15	0.00016241165683306136	2.7035212468717873e-7
0.83484573502722323049001814882033	1.7763568394002505e-15	0.	0.00016276546076321452	2.709411259793626e-7
0.83666061705989110707803992740472	1.7763568394002505e-15	0.	0.0001631192645441537	2.715301290479033e-7
0.83847549909255898366606170598911	1.7763568394002505e-15	8.881784197001252e-16	0.00016347306817765528	2.721191316723548e-7
0.8402903811252268602540834845735	1.7763568394002505e-15	0.	0.00016382687166194287	2.7270813163227103e-7
0.84210526315789473684210526315789	1.7763568394002505e-15	0.	0.00016418067499879285	2.7329713514490095e-7
0.84392014519056261343012704174229	1.3322676295501878e-15	0.	0.00016453447818731703	2.738861355489064e-7
0.84573502722323049001814882032668	1.7763568394002505e-15	1.3322676295501878e-15	0.0001648882812284036	2.744751390615363e-7
0.84754990925589836660617059891107	1.7763568394002505e-15	0.	0.000165242084119388	2.75064142130077e-7
0.84936479128856624319419237749546	1.7763568394002505e-15	4.440892098500626e-16	0.0001655958868629348	2.756531434222609e-7
0.85117967332123411978221415607985	1.7763568394002505e-15	4.440892098500626e-16	0.0001659496894581558	2.762421460467124e-7
0.85299455535390199637023593466425	1.7763568394002505e-15	0.	0.0001663034919054951	2.768311500034315e-7
0.85480943738656987295825771324864	1.7763568394002505e-15	4.440892098500626e-16	0.0001666572942040645	2.7742015085152616e-7
0.85662431941923774954627949183303	1.7763568394002505e-15	4.440892098500626e-16	0.00016701109635564038	2.7800915258779924e-7
0.85843920145190562613430127041742	1.7763568394002505e-15	0.	0.0001673648983571141	2.7859815521225073e-7
0.86025408348457350272232304900181	1.7763568394002505e-15	0.	0.0001677187002111502	2.791871569485238e-7
0.86206896551724137931034482758621	1.7763568394002505e-15	0.	0.00016807250191686052	2.7977615824070767e-7
0.8638838475499092558983666061706	1.7763568394002505e-15	0.	0.00016842630347424503	2.803651617533376e-7
0.86569872958257713248638838475499	1.7763568394002505e-15	0.	0.0001687801048850801	2.809541643777891e-7
0.86751361161524500907441016333938	1.3322676295501878e-15	8.881784197001252e-16	0.00016913390614492485	2.8154316611406216e-7
0.86932849364791288566243194192377	1.7763568394002505e-15	0.	0.00016948770725910833	2.82132167406246e-7
0.87114337568058076225045372050817	1.7763568394002505e-15	0.	0.00016984150822274557	2.827211695866083e-7
0.87295825771324863883847549909256	1.7763568394002505e-15	4.440892098500626e-16	0.0001701953090393893	2.83310172655149e-7
0.87477313974591651542649727767695	1.3322676295501878e-15	0.	0.0001705491097081513	2.838991735032437e-7
0.87658802177858439201451905626134	1.7763568394002505e-15	0.	0.00017090291022769932	2.844881765717844e-7
0.87840290381125226860254083484574	1.7763568394002505e-15	0.	0.00017125671059936565	2.8507717875214666e-7
0.88021778584392014519056261343013	1.7763568394002505e-15	0.	0.00017161051082270617	2.8566618137659816e-7
0.88203266787658802177858439201452	1.7763568394002505e-15	4.440892098500626e-16	0.000171964310898165	2.862551808924252e-7
0.88384754990925589836660617059891	1.7763568394002505e-15	0.	0.00017231811082440984	2.868441844050551e-7
0.8856624319419237749546279491833	1.7763568394002505e-15	0.	0.00017267191060321707	2.874331870295066e-7
0.8874773139745916515426497277677	1.7763568394002505e-15	0.	0.00017302571023325442	2.880221905421365e-7
0.88929219600725952813067150635209	1.7763568394002505e-15	1.3322676295501878e-15	0.00017337950971629823	2.8861119005796354e-7
0.89110707803992740471869328493648	1.7763568394002505e-15	4.440892098500626e-16	0.00017373330905012807	2.892001922383258e-7
0.89292196007259528130671506352087	2.6645352591003757e-15	0.	0.00017408710823563212	2.897891939745989e-7
0.89473684210526315789473684210526	1.7763568394002505e-15	0.	0.00017444090727325445	2.9037819881949645e-7
0.89655172413793103448275862068966	1.7763568394002505e-15	1.7763568394002505e-15	0.00017479470616166282	2.909671987794127e-7
0.89836660617059891107078039927405	1.7763568394002505e-15	4.440892098500626e-16	0.00017514850490307765	2.915562018479534e-7
0.90018148820326678765880217785844	1.7763568394002505e-15	0.	0.0001755023034961667	2.921452040283157e-7
0.90199637023593466424682395644283	1.7763568394002505e-15	4.440892098500626e-16	0.00017585610194092993	2.9273420665276717e-7
0.90381125226860254083484573502722	1.7763568394002505e-15	4.440892098500626e-16	0.00017620990023781147	2.9332320838904025e-7
0.90562613430127041742286751361162	1.7763568394002505e-15	0.	0.00017656369838503494	2.9391221056940253e-7
0.90744101633393829401088929219601	1.7763568394002505e-15	1.3322676295501878e-15	0.0001769174963843767	2.9450121319385403e-7
0.9092558983666061705989110707804	1.7763568394002505e-15	1.3322676295501878e-15	0.00017727129423628085	2.950902135978595e-7
0.91107078039927404718693284936479	1.7763568394002505e-15	0.	0.0001776250919398592	2.956792166664002e-7
0.91288566243194192377495462794918	2.6645352591003757e-15	0.	0.00017797888949422358	2.9626821795858405e-7
0.91470054446460980036297640653358	1.7763568394002505e-15	1.3322676295501878e-15	0.00017833268690115034	2.9685722058303554e-7
0.91651542649727767695099818511797	1.7763568394002505e-15	0.	0.00017868648415886312	2.9744622276339783e-7
0.91833030852994555353901996370236	1.7763568394002505e-15	0.	0.0001790402812691383	2.9803522583193853e-7
0.92014519056261343012704174228675	1.7763568394002505e-15	4.440892098500626e-16	0.00017939407823064357	2.986242280123008e-7
0.92196007259528130671506352087114	2.6645352591003757e-15	0.	0.00017974787504515533	2.992132297485739e-7
0.92377495462794918330308529945554	1.7763568394002505e-15	0.	0.0001801016717108972	2.998022319289362e-7
0.92558983666061705989110707803993	2.6645352591003757e-15	0.	0.00018045546822786918	3.0039123322112005e-7
0.92740471869328493647912885662432	1.7763568394002505e-15	1.3322676295501878e-15	0.00018080926459651536	3.009802349573931e-7
0.92921960072595281306715063520871	2.6645352591003757e-15	0.	0.00018116306081772393	3.0156923847002304e-7
0.9310344827586206896551724137931	2.6645352591003757e-15	1.3322676295501878e-15	0.00018151685689016261	3.021582402062961e-7
0.9328493647912885662431941923775	2.6645352591003757e-15	8.881784197001252e-16	0.00018187065281516368	3.0274724016621235e-7
0.93466424682395644283121597096189	1.7763568394002505e-15	8.881784197001252e-16	0.00018222444859050668	3.0333624279066385e-7
0.93647912885662431941923774954628	1.7763568394002505e-15	4.440892098500626e-16	0.00018257824421841207	3.0392524674738297e-7
0.93829401088929219600725952813067	1.7763568394002505e-15	4.440892098500626e-16	0.00018293203969754757	3.045142471513884e-7
0.94010889292196007259528130671506	1.7763568394002505e-15	0.	0.00018328583502968954	3.051032493317507e-7
0.94192377495462794918330308529946	1.7763568394002505e-15	1.3322676295501878e-15	0.00018363963021172935	3.056922519562022e-7
0.94373865698729582577132486388385	1.7763568394002505e-15	0.	0.00018399342524721973	3.062812545806537e-7
0.94555353901996370235934664246824	1.7763568394002505e-15	0.	0.00018434722013349614	3.0687025631692677e-7
0.94736842105263157894736842105263	1.7763568394002505e-15	0.	0.00018470101487189083	3.0745925849728906e-7
0.94918330308529945553539019963702	1.7763568394002505e-15	8.881784197001252e-16	0.00018505480946240382	3.0804826156582976e-7
0.95099818511796733212341197822142	1.7763568394002505e-15	0.	0.00018540860390414693	3.0863726419028126e-7
0.95281306715063520871143375680581	1.7763568394002505e-15	0.	0.00018576239819756424	3.092262650383759e-7
0.9546279491833030852994555353902	1.7763568394002505e-15	0.	0.00018611619234354393	3.0981526544238136e-7
0.95644283121597096188747731397459	1.7763568394002505e-15	4.440892098500626e-16	0.00018646998633986556	3.1040426851092207e-7
0.95825771324863883847549909255898	1.7763568394002505e-15	1.7763568394002505e-15	0.00018682378018874957	3.1099327113537356e-7
0.96007259528130671506352087114338	2.6645352591003757e-15	0.	0.00018717757388975187	3.1158227331573585e-7
0.96188747731397459165154264972777	1.7763568394002505e-15	1.7763568394002505e-15	0.00018753136744242838	3.121712750520089e-7
0.96370235934664246823956442831216	1.7763568394002505e-15	0.	0.000187885160846335	3.127602772323712e-7
0.96551724137931034482758620689655	1.7763568394002505e-15	0.	0.0001882389541023599	3.133492789686443e-7
0.96733212341197822141560798548094	1.3322676295501878e-15	0.	0.00018859274720961494	3.139382815930958e-7
0.96914700544464609800362976406534	1.7763568394002505e-15	1.3322676295501878e-15	0.00018894654016987644	3.1452728377345807e-7
0.97096188747731397459165154264973	1.7763568394002505e-15	1.3322676295501878e-15	0.0001893003329800358	3.151162877301772e-7
0.97277676950998185117967332123412	1.7763568394002505e-15	1.3322676295501878e-15	0.0001896541256432016	3.1570528769009343e-7
0.97459165154264972776769509981851	1.7763568394002505e-15	1.3322676295501878e-15	0.00019000791815848572	3.1629429075863413e-7
0.9764065335753176043557168784029	2.6645352591003757e-15	1.3322676295501878e-15	0.00019036171052499995	3.168832929389964e-7
0.9782214156079854809437386569873	1.7763568394002505e-15	0.	0.0001907155027423002	3.174722937870911e-7
0.98003629764065335753176043557169	1.7763568394002505e-15	4.440892098500626e-16	0.00019106929481305102	3.1806129596745336e-7
0.98185117967332123411978221415608	1.7763568394002505e-15	0.	0.00019142308673503194	3.1865029725963723e-7
0.98366606170598911070780399274047	1.7763568394002505e-15	0.	0.00019177687850868708	3.192392998840887e-7
0.98548094373865698729582577132486	1.7763568394002505e-15	4.440892098500626e-16	0.00019213067013357232	3.198283025085402e-7
0.98729582577132486388384754990926	1.7763568394002505e-15	4.440892098500626e-16	0.00019248446161101995	3.2041730291254567e-7
0.98911070780399274047186932849365	2.6645352591003757e-15	1.3322676295501878e-15	0.0001928382529392536	3.210063068692648e-7
0.99092558983666061705989110707804	1.7763568394002505e-15	0.	0.00019319204412093782	3.2159530816144866e-7
0.99274047186932849364791288566243	1.7763568394002505e-15	1.3322676295501878e-15	0.00019354583515251989	3.221843121181678e-7
0.99455535390199637023593466424682	1.7763568394002505e-15	1.3322676295501878e-15	0.00019389962603577615	3.227733111899056e-7
0.99637023593466424682395644283122	1.7763568394002505e-15	0.	0.00019425341677248298	3.233623133702679e-7
0.99818511796733212341197822141561	1.7763568394002505e-15	4.440892098500626e-16	0.00019460720735997583	3.239513159947194e-7