0	0.	0.	0.	0.
0.001814882032667876588021778584392	1.7763568394002505e-15	6.217248937900877e-15	9.230176623020725e-9	9.414691248821327e-14
0.003629764065335753176043557168784	4.440892098500626e-16	9.769962616701378e-15	1.8460347916970932e-8	1.9229062786507711e-13
0.005444646098003629764065335753176	2.708944180085382e-14	1.8207657603852567e-14	2.7690505444155633e-8	3.042011087472929e-13
0.0072595281306715063520871143375681	3.552713678800501e-15	1.5987211554602254e-14	3.6920691393049765e-8	3.6903813338540203e-13
0.0090744101633393829401088929219601	8.881784197001252e-15	0.	4.61508595783755e-8	4.698463840213662e-13
0.010889292196007259528130671506352	9.769962616701378e-15	1.2434497875801753e-14	5.538101977009546e-8	5.830891325331322e-13
0.012704174228675136116152450090744	1.3322676295501878e-14	3.552713678800501e-15	6.461119017586725e-8	6.639133687258436e-13
0.014519056261343012704174228675136	6.217248937900877e-15	1.5987211554602254e-14	7.384136546662035e-8	7.567280135845067e-13
0.016333938294010889292196007259528	8.43769498715119e-15	1.5987211554602254e-14	8.30715296551432e-8	8.602007994795713e-13
0.01814882032667876588021778584392	1.4654943925052066e-14	1.3322676295501878e-15	9.230171027496681e-8	9.49906819869284e-13
0.019963702359346642468239564428312	3.552713678800501e-15	2.220446049250313e-15	1.0153188423345227e-7	1.048938713665848e-12
0.021778584392014519056261343012704	1.5987211554602254e-14	8.881784197001252e-15	1.1076206796190036e-7	1.1479706074624119e-12
0.023593466424682395644283121597096	2.6645352591003757e-15	4.440892098500626e-15	1.1999223259451242e-7	1.2208012378778221e-12
0.025408348457350272232304900181488	6.217248937900877e-15	8.881784197001252e-15	1.2922239633894606e-7	1.3433698597964394e-12
0.02722323049001814882032667876588	9.769962616701378e-15	1.865174681370263e-14	1.3845257607059125e-7	1.4153123117921496e-12
0.029038112522686025408348457350272	3.552713678800501e-15	3.552713678800501e-15	1.4768276423993143e-7	1.5023537969227618e-12
0.030852994555353901996370235934664	1.5987211554602254e-14	4.884981308350689e-15	1.5691293731023848e-7	1.5800694086465228e-12
0.032667876588021778584392014519056	4.440892098500626e-16	9.769962616701378e-15	1.66143105051475e-7	1.7070789226636407e-12
0.034482758620689655172413793103448	0.	9.769962616701378e-15	1.7537327412497916e-7	1.8030021919912542e-12
0.03629764065335753176043557168784	4.440892098500626e-15	4.440892098500626e-15	1.846034556329812e-7	1.899369550528718e-12
0.038112522686025408348457350272232	2.6645352591003757e-15	5.773159728050814e-15	1.9383365179592715e-7	1.9815260543509794e-12
0.039927404718693284936479128856624	2.708944180085382e-14	9.769962616701378e-15	2.030637982208816e-7	2.0974333381218457e-12
0.041742286751361161524500907441016	2.0872192862952943e-14	1.3322676295501878e-15	2.122939637416721e-7	2.1720403253766563e-12
0.043557168784029038112522686025408	5.773159728050814e-15	1.1102230246251565e-14	2.2152413459153308e-7	2.2732926652224705e-12
0.0453720508166969147005444646098	5.773159728050814e-15	6.217248937900877e-15	2.3075432720176536e-7	2.361222328772783e-12
0.047186932849364791288566243194192	8.881784197001252e-15	1.3322676295501878e-15	2.399844953870911e-7	2.447819724693545e-12
0.049001814882032667876588021778584	2.220446049250313e-15	8.881784197001252e-15	2.4921466046379237e-7	2.561506562415161e-12
0.050816696914700544464609800362976	3.1086244689504383e-15	6.661338147750939e-15	2.5844483086956416e-7	2.660538456211725e-12
0.052631578947368421052631578947368	1.199040866595169e-14	0.	2.676750261443317e-7	2.7484681197620375e-12
0.05444646098003629764065335753176	3.9968028886505635e-15	1.199040866595169e-14	2.769051872242301e-7	2.843059121460101e-12
0.056261343012704174228675136116152	1.2434497875801753e-14	1.9539925233402755e-14	2.8613537095267816e-7	2.9318769634301134e-12
0.058076225045372050816696914700544	8.43769498715119e-15	9.769962616701378e-15	2.9536554180253916e-7	3.0322411248562275e-12
0.059891107078039927404718693284936	1.1102230246251565e-14	4.440892098500626e-16	3.0459571798147067e-7	3.1250557697148906e-12
0.061705989110707803992740471869328	4.440892098500626e-15	8.43769498715119e-15	3.1382590970352453e-7	3.2240876635114546e-12
0.063520871143375680580762250453721	3.552713678800501e-15	8.43769498715119e-15	3.2305606278981713e-7	3.3013591860253655e-12
0.065335753176043557168784029038113	6.217248937900877e-15	4.440892098500626e-16	3.322862491828005e-7	3.3941738308840286e-12
0.067150635208711433756805807622505	4.884981308350689e-15	2.1316282072803006e-14	3.415164115949665e-7	3.5140779175435455e-12
0.068965517241379310344827586206897	7.549516567451064e-15	7.549516567451064e-15	3.507465913266117e-7	3.603783937933258e-12
0.070780399274047186932849364791289	1.1102230246251565e-14	1.2434497875801753e-14	3.599767719464353e-7	3.6850522633358196e-12
0.072595281306715063520871143375681	2.220446049250313e-15	9.769962616701378e-15	3.692069441285639e-7	3.781419621873283e-12
0.074410163339382940108892921960073	9.769962616701378e-15	4.440892098500626e-15	3.784371145343357e-7	3.891553745916099e-12
0.076225045372050816696914700544465	1.4210854715202004e-14	4.440892098500626e-16	3.876673040359435e-7	3.9674930008004594e-12
0.078039927404718693284936479128857	1.509903313490213e-14	1.1102230246251565e-14	3.968974788826074e-7	4.071853965115224e-12
0.079854809437386569872958257713249	4.440892098500626e-15	3.552713678800501e-15	4.0612764307113025e-7	4.158895450245836e-12
0.081669691470054446460980036297641	5.329070518200751e-15	5.329070518200751e-15	4.15357821914597e-7	4.277467269275803e-12
0.083484573502722323049001814882033	2.7977620220553945e-14	4.440892098500626e-15	4.2458800209033143e-7	4.359623773098065e-12
0.085299455535390199637023593466425	6.217248937900877e-15	1.1102230246251565e-14	4.338181622820514e-7	4.440003920080926e-12
0.087114337568058076225045372050817	9.769962616701378e-15	1.2878587085651816e-14	4.4304834867503473e-7	4.527045405211538e-12
0.088929219600725952813067150635209	4.884981308350689e-15	2.3092638912203256e-14	4.5227854350571306e-7	4.6211923176997516e-12
0.090744101633393829401088929219601	8.43769498715119e-15	7.549516567451064e-15	4.6150870547378986e-7	4.718447854656915e-12
0.092558983666061705989110707803993	8.881784197001252e-15	4.440892098500626e-16	4.707388958635761e-7	4.806821607417078e-12
0.094373865698729582577132486388385	4.884981308350689e-15	1.2434497875801753e-14	4.799690462853334e-7	4.923172980397794e-12
0.096188747731397459165154264972777	1.509903313490213e-14	1.865174681370263e-14	4.891992393396549e-7	5.023093052614058e-12
0.098003629764065335753176043557169	3.1086244689504383e-15	1.1546319456101628e-14	4.984294252885491e-7	5.114575429843171e-12
0.099818511796733212341197822141561	8.881784197001252e-15	3.552713678800501e-15	5.076595934738748e-7	5.198064201294983e-12
0.10163339382940108892921960072595	1.0658141036401503e-14	1.021405182655144e-14	5.1688979008091e-7	5.296652005881697e-12
0.10344827586206896551724137931034	4.440892098500626e-16	7.549516567451064e-15	5.261199653716631e-7	5.399680702566911e-12
0.10526315789473684210526315789474	0.	1.1102230246251565e-14	5.353501153493312e-7	5.493827615055125e-12
0.10707803992740471869328493647913	1.509903313490213e-14	1.3322676295501878e-14	5.44580313288634e-7	5.579980921766037e-12
0.10889292196007259528130671506352	2.708944180085382e-14	2.1316282072803006e-14	5.538104916880116e-7	5.661249247168598e-12
0.11070780399274047186932849364791	3.552713678800501e-15	1.6431300764452317e-14	5.630406496592855e-7	5.768718835952313e-12
0.1125226860254083484573502722323	1.8207657603852567e-14	8.881784197001252e-15	5.722708378286256e-7	5.878852959995129e-12
0.1143375680580762250453720508167	3.9968028886505635e-15	1.3322676295501878e-15	5.815010424292666e-7	5.9539040364597895e-12
0.11615245009074410163339382940109	1.9539925233402755e-14	5.329070518200751e-15	5.907311995123621e-7	6.037392807911601e-12
0.11796733212341197822141560798548	1.3766765505351941e-14	7.549516567451064e-15	5.999613823526317e-7	6.153744180892318e-12
0.11978221415607985480943738656987	1.8207657603852567e-14	3.1086244689504383e-15	6.091915407679949e-7	6.2376770415539795e-12
0.12159709618874773139745916515426	4.440892098500626e-15	0.	6.184217258287106e-7	6.326050794314142e-12
0.12341197822141560798548094373866	4.884981308350689e-15	6.217248937900877e-15	6.276518922376795e-7	6.425970866530406e-12
0.12522686025408348457350272232305	1.3322676295501878e-15	4.440892098500626e-15	6.36882098170588e-7	6.509459637982218e-12
0.12704174228675136116152450090744	4.440892098500626e-16	7.549516567451064e-15	6.46112266800003e-7	6.5996097475817805e-12
0.12885662431941923774954627949183	1.7763568394002505e-15	2.6645352591003757e-15	6.553424434230237e-7	6.711076139254146e-12
0.13067150635208711433756805807623	6.217248937900877e-15	1.2434497875801753e-14	6.645726102760818e-7	6.801226248853709e-12
0.13248638838475499092558983666062	8.43769498715119e-15	4.440892098500626e-15	6.738028028863141e-7	6.906031302378324e-12
0.13430127041742286751361161524501	1.3322676295501878e-14	6.217248937900877e-15	6.830329768447996e-7	7.001510482496087e-12
0.1361161524500907441016333938294	0.	1.5987211554602254e-14	6.922631556882664e-7	7.0912165028858e-12
0.13793103448275862068965517241379	8.43769498715119e-15	1.3766765505351941e-14	7.014933500748555e-7	7.1884720398429636e-12
0.13974591651542649727767695099819	3.9968028886505635e-15	9.769962616701378e-15	7.107235351355712e-7	7.280398506281927e-12
0.14156079854809437386569872958258	5.329070518200751e-15	3.197442310920451e-14	7.199537148672164e-7	7.38031857849819e-12
0.14337568058076225045372050816697	2.4424906541753444e-14	7.549516567451064e-15	7.291838688416874e-7	7.459810547061352e-12
0.14519056261343012704174228675136	4.440892098500626e-15	4.440892098500626e-16	7.384140574551168e-7	7.546852032191964e-12
0.14700544464609800362976406533575	6.217248937900877e-15	1.7763568394002505e-15	7.476442362985836e-7	7.65520979939538e-12
0.14882032667876588021778584392015	4.884981308350689e-15	8.43769498715119e-15	7.568744107011582e-7	7.739586749266891e-12
0.15063520871143375680580762250454	1.4654943925052066e-14	8.881784197001252e-16	7.661045886564466e-7	7.836398197014205e-12
0.15245009074410163339382940108893	7.105427357601002e-15	1.021405182655144e-14	7.753347901484631e-7	7.916778343997066e-12
0.15426497277676950998185117967332	7.549516567451064e-15	9.769962616701378e-15	7.845649458992909e-7	8.044231947224034e-12
0.15607985480943738656987295825771	1.3322676295501878e-15	1.865174681370263e-14	7.937951442826829e-7	8.133049789194047e-12
0.15789473684210526315789473684211	8.881784197001252e-15	6.217248937900877e-15	8.03025328011131e-7	8.22497625563301e-12
0.1597096188747731397459165154265	1.8207657603852567e-14	2.1316282072803006e-14	8.122554979728136e-7	8.322675881800023e-12
0.16152450090744101633393829401089	6.217248937900877e-15	2.3092638912203256e-14	8.214856941357596e-7	8.410605545350336e-12
0.16333938294010889292196007259528	1.3322676295501878e-15	1.7763568394002505e-15	8.307158498865874e-7	8.501199744159749e-12
0.16515426497277676950998185117967	7.993605777301127e-15	8.881784197001252e-15	8.399460376118384e-7	8.628209258176867e-12
0.16696914700544464609800362976407	9.769962616701378e-15	5.329070518200751e-15	8.491762142348591e-7	8.695266728864226e-12
0.16878402903811252268602540834846	1.7763568394002505e-15	1.3322676295501878e-15	8.584064117300727e-7	8.776090965056937e-12
0.17059891107078039927404718693285	3.1086244689504383e-15	1.3766765505351941e-14	8.676365701454358e-7	8.893774605667204e-12
0.17241379310344827586206896551724	8.43769498715119e-15	1.3766765505351941e-14	8.768667614234005e-7	9.001244194450919e-12
0.17422867513611615245009074410163	1.865174681370263e-14	1.865174681370263e-14	8.860969513690975e-7	9.097611552988383e-12
0.17604355716878402903811252268603	1.1102230246251565e-14	2.353672812205332e-14	8.953271324330103e-7	9.173106718662893e-12
0.17785843920145190562613430127042	6.217248937900877e-15	2.5757174171303632e-14	9.045573095001203e-7	9.247713705917704e-12
0.17967332123411978221415607985481	9.769962616701378e-15	1.6431300764452317e-14	9.137874918963007e-7	9.342304707615767e-12
0.1814882032667876588021778584392	1.554312234475219e-14	1.3766765505351941e-14	9.23017678289284e-7	9.465317418744235e-12
0.18330308529945553539019963702359	1.1102230246251565e-14	1.6431300764452317e-14	9.322478526918587e-7	9.542588941258145e-12
0.18511796733212341197822141560799	1.3322676295501878e-14	1.3322676295501878e-14	9.414780377525744e-7	9.63984447821531e-12
0.18693284936479128856624319419238	9.325873406851315e-15	1.865174681370263e-14	9.507082192605765e-7	9.745537710159624e-12
0.18874773139745916515426497277677	9.769962616701378e-15	2.6201263381153694e-14	9.59938406097649e-7	9.826806035562186e-12
0.19056261343012704174228675136116	4.884981308350689e-15	1.8207657603852567e-14	9.691686058133087e-7	9.917844323581448e-12
0.19237749546279491833030852994555	1.021405182655144e-14	1.4654943925052066e-14	9.783987664491178e-7	1.0019984841846963e-11
0.19419237749546279491833030852995	8.881784197001252e-15	2.220446049250313e-14	9.87628954618458e-7	1.0110579040656376e-11
0.19600725952813067150635208711434	2.708944180085382e-14	2.1316282072803006e-14	9.968591245801406e-7	1.0206058220774139e-11
0.19782214156079854809437386569873	1.6431300764452317e-14	1.5987211554602254e-14	1.006089317634462e-6	1.0312195541928304e-11
0.19963702359346642468239564428312	1.8207657603852567e-14	1.1102230246251565e-14	1.0153194867079662e-6	1.0395240224170266e-11
0.20145190562613430127041742286751	1.8207657603852567e-14	1.5987211554602254e-14	1.0245496864236259e-6	1.0472067657474327e-11
0.20326678765880217785843920145191	4.884981308350689e-15	5.329070518200751e-15	1.0337798648230034e-6	1.0593748100973244e-11
0.2050816696914700544464609800363	1.8207657603852567e-14	3.552713678800501e-15	1.0430100738645365e-6	1.0676792783215205e-11
0.20689655172413793103448275862069	9.769962616701378e-15	1.1102230246251565e-14	1.052240222509937e-6	1.078381828278907e-11
0.20871143375680580762250453720508	3.1086244689504383e-15	2.353672812205332e-14	1.0614703982447793e-6	1.0889067425523535e-11
0.21052631578947368421052631578947	7.105427357601002e-15	1.9984014443252818e-14	1.0707006028454202e-6	1.0972556196975347e-11
0.21234119782214156079854809437387	1.9539925233402755e-14	1.865174681370263e-14	1.0799307865738683e-6	1.1053824522377909e-11
0.21415607985480943738656987295826	1.9539925233402755e-14	1.8207657603852567e-14	1.0891609449892314e-6	1.1154632773013873e-11
0.21597096188747731397459165154265	1.8207657603852567e-14	3.552713678800501e-15	1.0983911598039242e-6	1.1258549648118787e-11
0.21778584392014519056261343012704	1.9984014443252818e-14	6.217248937900877e-15	1.107621340867837e-6	1.134514704403955e-11
0.21960072595281306715063520871143	1.5987211554602254e-14	2.5757174171303632e-14	1.116851517934947e-6	1.1429523993911062e-11
0.22141560798548094373865698729583	2.220446049250313e-15	1.509903313490213e-14	1.1260817065483764e-6	1.1526779530868225e-11
0.22323049001814882032667876588022	1.865174681370263e-14	2.1316282072803006e-14	1.135311874733702e-6	1.163202867360269e-11
0.22504537205081669691470054446461	4.440892098500626e-15	1.1102230246251565e-14	1.1445420611266854e-6	1.1723955140041653e-11
0.226860254083484573502722323049	2.3092638912203256e-14	1.1102230246251565e-14	1.1537722364174385e-6	1.1818990230949566e-11
0.22867513611615245009074410163339	1.1102230246251565e-14	9.769962616701378e-15	1.1630024587816479e-6	1.1890044504525576e-11
0.23049001814882032667876588021779	1.7763568394002505e-15	1.2434497875801753e-14	1.172232631851955e-6	1.2013501304863894e-11
0.23230490018148820326678765880218	4.884981308350689e-15	7.549516567451064e-15	1.1814627947082101e-6	1.2095213719476305e-11
0.23411978221415607985480943738657	1.509903313490213e-14	1.2434497875801753e-14	1.1906929699989632e-6	1.219646605932212e-11
0.23593466424682395644283121597096	4.884981308350689e-15	1.509903313490213e-14	1.1999231745996042e-6	1.2277734384724681e-11
0.23774954627949183303085299455535	1.865174681370263e-14	2.1316282072803006e-14	1.2091533698743717e-6	1.24091847908403e-11
0.23956442831215970961887477313975	1.1546319456101628e-14	2.1316282072803006e-14	1.2183835322865377e-6	1.2446488284467705e-11
0.24137931034482758620689655172414	8.881784197001252e-15	1.3766765505351941e-14	1.2276137253408592e-6	1.2563283746658271e-11
0.24319419237749546279491833030853	7.549516567451064e-15	1.509903313490213e-14	1.2368439277210541e-6	1.2667644710973036e-11
0.24500907441016333938294010889292	1.2434497875801753e-14	1.3766765505351941e-14	1.2460741105613238e-6	1.2760015266621849e-11
0.24682395644283121597096188747731	9.769962616701378e-15	2.4424906541753444e-14	1.255304298730664e-6	1.2856826714369163e-11
0.24863883847549909255898366606171	2.1316282072803006e-14	1.865174681370263e-14	1.2645344753536847e-6	1.2937650950561874e-11
0.2504537205081669691470054446461	2.353672812205332e-14	6.217248937900877e-15	1.2737646550853299e-6	1.305444641275244e-11
0.25226860254083484573502722323049	1.3322676295501878e-15	2.5757174171303632e-14	1.2829948441428485e-6	1.3143708343932303e-11
0.25408348457350272232304900181488	1.6431300764452317e-14	2.0872192862952943e-14	1.2922250256508505e-6	1.3232082096692466e-11
0.25589836660617059891107078039927	9.769962616701378e-15	1.021405182655144e-14	1.3014552027179604e-6	1.3318679492613228e-11
0.25771324863883847549909255898367	1.1102230246251565e-14	3.4638958368304884e-14	1.3106854122035827e-6	1.3410605959052191e-11
0.25952813067150635208711433756806	1.3322676295501878e-15	2.708944180085382e-14	1.3199155848298005e-6	1.3530065956501858e-11
0.26134301270417422867513611615245	2.0872192862952943e-14	8.881784197001252e-15	1.3291457743314083e-6	1.3592682535090717e-11
0.26315789473684210526315789473684	1.9984014443252818e-14	1.4654943925052066e-14	1.3383759602803025e-6	1.3702816659133532e-11
0.26497277676950998185117967332123	2.4868995751603507e-14	3.419486915845482e-14	1.3476061297978958e-6	1.3798739928461146e-11
0.26678765880217785843920145190563	1.6431300764452317e-14	3.952393967665557e-14	1.3568363184113252e-6	1.3894663197788759e-11
0.26860254083484573502722323049002	8.881784197001252e-16	1.7319479184152442e-14	1.3660665132420036e-6	1.3982592861339072e-11
0.27041742286751361161524500907441	1.2434497875801753e-14	6.217248937900877e-15	1.3752966960822732e-6	1.4057199848593882e-11
0.2722323049001814882032667876588	2.5757174171303632e-14	0.	1.3845268900247731e-6	1.4165557615797297e-11
0.27404718693284936479128856624319	8.43769498715119e-15	2.5757174171303632e-14	1.393757067091883e-6	1.4288126237715915e-11
0.27586206896551724137931034482759	1.7319479184152442e-14	9.769962616701378e-15	1.402987271692524e-6	1.4378276347315477e-11
0.27767695099818511796733212341198	2.930988785010413e-14	1.3766765505351941e-14	1.4122174576414182e-6	1.446975872454459e-11
0.27949183303085299455535390199637	1.9984014443252818e-14	1.6431300764452317e-14	1.4214476333762605e-6	1.4545697979428951e-11
0.28130671506352087114337568058076	4.884981308350689e-15	4.884981308350689e-15	1.4306778299832956e-6	1.4624745858782262e-11
0.28312159709618874773139745916515	3.4638958368304884e-14	2.1316282072803006e-14	1.4399080230376171e-6	1.4737544518084178e-11
0.28493647912885662431941923774955	3.9968028886505635e-15	1.3766765505351941e-14	1.4491382098746897e-6	1.482680644926404e-11
0.28675136116152450090744101633394	1.1546319456101628e-14	1.9539925233402755e-14	1.4583683864977104e-6	1.4950263249602358e-11
0.28856624319419237749546279491833	3.952393967665557e-14	3.064215547965432e-14	1.4675985617884635e-6	1.502842295053597e-11
0.29038112522686025408348457350272	1.8207657603852567e-14	2.7977620220553945e-14	1.47682876328048e-6	1.511413216803703e-11
0.29219600725952813067150635208711	4.884981308350689e-15	1.6431300764452317e-14	1.4860589603316043e-6	1.5218937221561646e-11
0.29401088929219600725952813067151	6.217248937900877e-15	1.6431300764452317e-14	1.4952891320696438e-6	1.531663684772866e-11
0.2958257713248638838475499092559	0.	1.865174681370263e-14	1.5045193295648573e-6	1.539168792419332e-11
0.29764065335753176043557168784029	1.8207657603852567e-14	2.930988785010413e-14	1.5137495346095875e-6	1.5491607996409584e-11
0.29945553539019963702359346642468	1.1102230246251565e-14	2.7977620220553945e-14	1.5229796996862888e-6	1.55928603362554e-11
0.30127041742286751361161524500907	2.4868995751603507e-14	1.1102230246251565e-14	1.532209906951465e-6	1.568478680269436e-11
0.30308529945553539019963702359347	4.440892098500626e-16	2.353672812205332e-14	1.5414400769131475e-6	1.5779821893602275e-11
0.30490018148820326678765880217786	2.1316282072803006e-14	3.3306690738754696e-14	1.5506702828460561e-6	1.588418285791704e-11
0.30671506352087114337568058076225	1.021405182655144e-14	1.5987211554602254e-14	1.559900463909969e-6	1.5986767465392404e-11
0.30852994555353901996370235934664	1.8207657603852567e-14	2.708944180085382e-14	1.569130645417971e-6	1.6074697128942717e-11
0.31034482758620689655172413793103	4.884981308350689e-15	4.884981308350689e-15	1.5783608318109543e-6	1.6147527759358127e-11
0.31215970961887477313974591651543	4.884981308350689e-15	1.3766765505351941e-14	1.5875910346352384e-6	1.6254109169722142e-11
0.31397459165154264972776769509982	5.329070518200751e-15	1.1102230246251565e-14	1.5968212112582592e-6	1.6357137866407356e-11
0.31578947368421052631578947368421	1.2434497875801753e-14	1.5987211554602254e-14	1.6060514047566699e-6	1.646105474151227e-11
0.3176043557168784029038112522686	2.708944180085382e-14	3.064215547965432e-14	1.6152815947023669e-6	1.653122083666858e-11
0.31941923774954627949183303085299	1.509903313490213e-14	2.708944180085382e-14	1.6245117704372092e-6	1.6632029087304545e-11
0.32123411978221415607985480943739	1.3322676295501878e-15	3.907985046680551e-14	1.6337419888046156e-6	1.673594596240946e-11
0.32304900181488203266787658802178	1.865174681370263e-14	3.419486915845482e-14	1.6429721592103874e-6	1.681010886045442e-11
0.32486388384754990925589836660617	2.0872192862952943e-14	1.865174681370263e-14	1.6522023451592815e-6	1.6933565660792738e-11
0.32667876588021778584392014519056	1.8207657603852567e-14	3.68594044175552e-14	1.661432535993157e-6	1.70121694509362e-11
0.32849364791288566243194192377495	3.197442310920451e-14	1.509903313490213e-14	1.6706627370410843e-6	1.7110757255522913e-11
0.33030852994555353901996370235935	2.220446049250313e-14	2.930988785010413e-14	1.6798929172168187e-6	1.7204015989591426e-11
0.33212341197822141560798548094374	1.3766765505351941e-14	3.4638958368304884e-14	1.6891231178206567e-6	1.729505427761069e-11
0.33393829401088929219600725952813	1.5987211554602254e-14	2.708944180085382e-14	1.6983533024372832e-6	1.7404300223233804e-11
0.33575317604355716878402903811252	1.3322676295501878e-14	1.3766765505351941e-14	1.707583500376586e-6	1.7491341708364416e-11
0.33756805807622504537205081669691	9.769962616701378e-15	1.7319479184152442e-14	1.7168136929868183e-6	1.7570389587717727e-11
0.33938294010889292196007259528131	7.549516567451064e-15	1.8207657603852567e-14	1.7260438776034448e-6	1.7673418284402942e-11
0.3411978221415607985480943738657	2.4424906541753444e-14	6.217248937900877e-15	1.7352740671050526e-6	1.7757351145064604e-11
0.34301270417422867513611615245009	1.9984014443252818e-14	2.4868995751603507e-14	1.7445042588271065e-6	1.7860379841749818e-11
0.34482758620689655172413793103448	2.5757174171303632e-14	3.8191672047105385e-14	1.7537344549900524e-6	1.794830950530013e-11
0.34664246823956442831215970961887	2.930988785010413e-14	1.3766765505351941e-14	1.7629646182903969e-6	1.8044676863837594e-11
0.34845735027223230490018148820327	7.549516567451064e-15	1.865174681370263e-14	1.7721948109006291e-6	1.8142376490004608e-11
0.35027223230490018148820326678766	1.3322676295501878e-14	3.064215547965432e-14	1.7814250115044672e-6	1.823430295644357e-11
0.35208711433756805807622504537205	1.3766765505351941e-14	1.9984014443252818e-14	1.7906552067792347e-6	1.8320900352364333e-11
0.35390199637023593466424682395644	7.549516567451064e-15	9.769962616701378e-15	1.7998854029421807e-6	1.8417267710901797e-11
0.35571687840290381125226860254083	1.8207657603852567e-14	3.4638958368304884e-14	1.8091155880028964e-6	1.8539392243610564e-11
0.35753176043557168784029038112523	3.108624468950438e-14	4.263256414560601e-14	1.818345777060415e-6	1.8617996033754025e-11
0.35934664246823956442831215970962	2.708944180085382e-14	2.708944180085382e-14	1.8275759758878962e-6	1.8708146143353588e-11
0.36116152450090744101633393829401	4.440892098500626e-16	2.3092638912203256e-14	1.8368061720508422e-6	1.878763811191675e-11
0.3629764065335753176043557168784	3.1086244689504383e-15	2.3092638912203256e-14	1.8460363717665018e-6	1.8878232310726162e-11
0.36479128856624319419237749546279	1.1102230246251565e-14	3.8191672047105385e-14	1.8552665639326449e-6	1.8984369631880327e-11
0.36660617059891107078039927404719	1.4654943925052066e-14	2.9753977059954195e-14	1.8644967472170038e-6	1.908606606093599e-11
0.36842105263157894736842105263158	2.4868995751603507e-14	2.7977620220553945e-14	1.8737269380508792e-6	1.9186874311571955e-11
0.37023593466424682395644283121597	9.769962616701378e-15	3.3306690738754696e-14	1.8829571173384352e-6	1.928723847299807e-11
0.37205081669691470054446460980036	8.881784197001252e-15	1.2434497875801753e-14	1.892187311280935e-6	1.9381829474696133e-11
0.37386569872958257713248638838475	1.1546319456101628e-14	2.930988785010413e-14	1.9014175212106466e-6	1.9473311851925246e-11
0.37568058076225045372050816696915	1.4654943925052066e-14	1.4654943925052066e-14	1.91064773558125e-6	1.9562129693895258e-11
0.37749546279491833030852994555354	3.552713678800501e-14	2.930988785010413e-14	1.9198778926643456e-6	1.9658052963222872e-11
0.37931034482758620689655172413793	8.881784197001252e-15	1.865174681370263e-14	1.929108098153165e-6	1.9768631176475537e-11
0.38112522686025408348457350272232	2.220446049250313e-14	2.930988785010413e-14	1.9383382681148476e-6	1.985123176950765e-11
0.38294010889292196007259528130672	2.4868995751603507e-14	2.5757174171303632e-14	1.9475684789327374e-6	1.993161191649051e-11
0.38475499092558983666061705989111	1.6431300764452317e-14	3.197442310920451e-14	1.956798672431148e-6	2.0027091096608274e-11
0.3865698729582577132486388384755	1.5987211554602254e-14	2.5757174171303632e-14	1.966028864153202e-6	2.013900157749049e-11
0.38838475499092558983666061705989	3.9968028886505635e-15	1.9539925233402755e-14	1.975259060316148e-6	2.02127203863256e-11
0.39019963702359346642468239564428	1.865174681370263e-14	3.597122599785507e-14	1.9844892622522536e-6	2.0325963134837366e-11
0.39201451905626134301270417422868	3.064215547965432e-14	2.930988785010413e-14	1.993719436210739e-6	2.041522506601723e-11
0.39382940108892921960072595281307	1.1102230246251565e-14	2.4424906541753444e-14	2.0029496243800793e-6	2.0524026922430494e-11
0.39564428312159709618874773139746	2.5757174171303632e-14	2.7977620220553945e-14	2.0121798312011663e-6	2.0602630712573955e-11
0.39745916515426497277676950998185	1.509903313490213e-14	2.708944180085382e-14	2.021410025143666e-6	2.070033033874097e-11
0.39927404718693284936479128856624	1.6431300764452317e-14	2.708944180085382e-14	2.030640201766687e-6	2.077360505836623e-11
0.40108892921960072595281306715064	3.774758283725532e-14	1.3766765505351941e-14	2.039870419690004e-6	2.0876189665841594e-11
0.40290381125226860254083484573503	1.7763568394002505e-15	9.769962616701378e-15	2.049100609191612e-6	2.0973001113588907e-11
0.40471869328493647912885662431942	1.2434497875801753e-14	4.440892098500626e-14	2.058330805354558e-6	2.1075585721064272e-11
0.40653357531760435571687840290381	2.5757174171303632e-14	3.552713678800501e-14	2.0675609904152736e-6	2.1189272558785888e-11
0.4083484573502722323049001814882	2.4868995751603507e-14	2.5757174171303632e-14	2.0767911861341304e-6	2.1255885940263397e-11
0.4101633393829401088929219600726	2.1316282072803006e-14	3.064215547965432e-14	2.086021387626147e-6	2.1372237313244113e-11
0.41197822141560798548094373865699	2.3092638912203256e-14	2.3092638912203256e-14	2.0952515957795015e-6	2.142952482131477e-11
0.41379310344827586206896551724138	2.7977620220553945e-14	3.552713678800501e-15	2.1044817777315927e-6	2.155786660296144e-11
0.41560798548094373865698729582577	3.064215547965432e-14	1.9984014443252818e-14	2.1137119690095574e-6	2.1649793069400403e-11
0.41742286751361161524500907441016	7.105427357601002e-15	5.639932965095795e-14	2.1229421660606818e-6	2.1741719535839366e-11
0.41923774954627949183303085299456	1.4654943925052066e-14	3.197442310920451e-14	2.1321723493450406e-6	2.1822099682822227e-11
0.42105263157894736842105263157895	3.597122599785507e-14	3.8191672047105385e-14	2.1414025597188413e-6	2.191757886293999e-11
0.42286751361161524500907441016334	1.6431300764452317e-14	2.7977620220553945e-14	2.1506327474440923e-6	2.2030821611451756e-11
0.42468239564428312159709618874773	8.881784197001252e-16	2.930988785010413e-14	2.1598629520447332e-6	2.211875127500207e-11
0.42649727767695099818511796733212	2.708944180085382e-14	2.4424906541753444e-14	2.1690931570894634e-6	2.2212010009070582e-11
0.42831215970961887477313974591652	1.509903313490213e-14	1.1102230246251565e-14	2.1783233496996957e-6	2.2297719226571644e-11
0.43012704174228675136116152450091	2.4424906541753444e-14	1.865174681370263e-14	2.187553544974463e-6	2.241007379666371e-11
0.4319419237749546279491833030853	2.0872192862952943e-14	1.865174681370263e-14	2.1967837247061084e-6	2.2495338924954922e-11
0.43375680580762250453720508166969	1.9984014443252818e-14	3.68594044175552e-14	2.206013922201322e-6	2.2585933123764335e-11
0.43557168784029038112522686025408	1.9984014443252818e-14	3.8191672047105385e-14	2.2152441090383945e-6	2.2683632749931348e-11
0.43738656987295825771324863883848	2.4424906541753444e-14	4.39648317751562e-14	2.224474334067139e-6	2.2780000108468812e-11
0.43920145190562613430127041742287	2.5757174171303632e-14	3.68594044175552e-14	2.2337045075815354e-6	2.2858159809402423e-11
0.44101633393829401088929219600726	1.021405182655144e-14	4.3076653355456074e-14	2.242934703300392e-6	2.2965629398186138e-11
0.44283121597096188747731397459165	2.4868995751603507e-14	2.708944180085382e-14	2.252164914118282e-6	2.30611085783039e-11
0.44464609800362976406533575317604	3.2862601528904634e-14	2.7977620220553945e-14	2.26139510361989e-6	2.3154367312372415e-11
0.44646098003629764065335753176044	2.3092638912203256e-14	4.085620730620576e-14	2.2706252824633566e-6	2.3249846492490178e-11
0.44827586206896551724137931034483	1.865174681370263e-14	4.884981308350689e-14	2.279855481290838e-6	2.334354931576854e-11
0.45009074410163339382940108892922	1.865174681370263e-14	3.4638958368304884e-14	2.28908566279884e-6	2.3441248941935555e-11
0.45190562613430127041742286751361	2.5757174171303632e-14	3.197442310920451e-14	2.2983158878275844e-6	2.353894856810257e-11
0.453720508166969147005444646098	3.108624468950438e-14	2.6201263381153694e-14	2.3075460795496383e-6	2.3639756818738533e-11
0.4555353901996370235934664246824	2.1316282072803006e-14	2.3092638912203256e-14	2.3167762828180116e-6	2.3714807895203194e-11
0.45735027223230490018148820326679	1.3322676295501878e-14	2.4424906541753444e-14	2.3260064678787273e-6	2.3809398896901257e-11
0.45916515426497277676950998185118	3.8191672047105385e-14	3.952393967665557e-14	2.3352366875784014e-6	2.3920421199363773e-11
0.46098003629764065335753176043557	2.7977620220553945e-14	3.552713678800501e-14	2.3444668633132437e-6	2.4022117628419437e-11
0.46279491833030852994555353901996	7.549516567451064e-15	4.884981308350689e-14	2.353697077239758e-6	2.4099833240143198e-11
0.46460980036297640653357531760436	3.552713678800501e-15	3.064215547965432e-14	2.3629272760672393e-6	2.419309197421171e-11
0.46642468239564428312159709618875	1.865174681370263e-14	2.7977620220553945e-14	2.3721574637924903e-6	2.4288127065119625e-11
0.46823956442831215970961887477314	7.549516567451064e-15	2.930988785010413e-14	2.381387663952239e-6	2.4372948104200987e-11
0.47005444646098003629764065335753	2.353672812205332e-14	2.930988785010413e-14	2.3906178530097577e-6	2.4488411298762003e-11
0.47186932849364791288566243194192	2.5757174171303632e-14	4.440892098500626e-14	2.3998480673803613e-6	2.4561686018387263e-11
0.47368421052631578947368421052632	2.220446049250313e-14	1.5987211554602254e-14	2.4090782551056122e-6	2.4663826536652778e-11
0.47549909255898366606170598911071	5.329070518200751e-15	2.7977620220553945e-14	2.4183084477158445e-6	2.475886162756069e-11
0.4773139745916515426497277676951	2.5757174171303632e-14	3.064215547965432e-14	2.4275386656391618e-6	2.4871216197652757e-11
0.47912885662431941923774954627949	1.1546319456101628e-14	1.1546319456101628e-14	2.4367688631343754e-6	2.4922730545995364e-11
0.48094373865698729582577132486388	3.552713678800501e-14	4.263256414560601e-14	2.4459990490832695e-6	2.504085827581548e-11
0.48275862068965517241379310344828	2.7977620220553945e-14	3.3306690738754696e-14	2.4552292372526097e-6	2.5138557901982495e-11
0.48457350272232304900181488203267	2.7977620220553945e-14	5.0182080713057076e-14	2.4644594565081945e-6	2.524158659866771e-11
0.48638838475499092558983666061706	2.708944180085382e-14	2.4424906541753444e-14	2.4736896269139663e-6	2.5343283027723373e-11
0.48820326678765880217785843920145	4.04121180963557e-14	2.930988785010413e-14	2.4829198346232317e-6	2.5431212691273686e-11
0.49001814882032667876588021778584	1.6431300764452317e-14	3.2862601528904634e-14	2.492150044108854e-6	2.5511592838256547e-11
0.49183303085299455535390199637024	1.865174681370263e-14	3.3306690738754696e-14	2.501380246489049e-6	2.5635937817014565e-11
0.49364791288566243194192377495463	2.3092638912203256e-14	3.952393967665557e-14	2.510610447092887e-6	2.5697666217183723e-11
0.49546279491833030852994555353902	2.9753977059954195e-14	3.8191672047105385e-14	2.5198406299331566e-6	2.5789148594412836e-11
0.49727767695099818511796733212341	1.7319479184152442e-14	2.842170943040401e-14	2.5290708531855444e-6	2.5907276324232953e-11
0.4990925589836660617059891107078	1.3766765505351941e-14	3.8191672047105385e-14	2.538301040022617e-6	2.5996538255412815e-11
0.5009074410163339382940108892922	3.68594044175552e-14	2.708944180085382e-14	2.5475312419587226e-6	2.6079582937654777e-11
0.50272232304900181488203266787659	1.8207657603852567e-14	2.1316282072803006e-14	2.556761419914011e-6	2.6154634014119438e-11
0.50453720508166969147005444646098	8.881784197001252e-15	3.064215547965432e-14	2.5659916365050606e-6	2.6272761743939554e-11
0.50635208711433756805807622504537	2.708944180085382e-14	3.2862601528904634e-14	2.5752218344443634e-6	2.638156360035282e-11
0.50816696914700544464609800362976	4.3076653355456074e-14	4.574118861455645e-14	2.584452044818164e-6	2.6475710512841033e-11
0.50998185117967332123411978221416	1.509903313490213e-14	4.796163466380676e-14	2.593682253859697e-6	2.6566304711650446e-11
0.51179673321234119782214156079855	2.1316282072803006e-14	3.197442310920451e-14	2.602912449578554e-6	2.6644908501793907e-11
0.51361161524500907441016333938294	9.769962616701378e-15	2.4424906541753444e-14	2.612142624869307e-6	2.674083177112152e-11
0.51542649727767695099818511796733	1.4654943925052066e-14	4.75175454539567e-14	2.6213728347990184e-6	2.6826985077832433e-11
0.51724137931034482758620689655172	4.39648317751562e-14	4.263256414560601e-14	2.6306030505018896e-6	2.6938895558714648e-11
0.51905626134301270417422867513612	3.197442310920451e-14	3.68594044175552e-14	2.6398332488852816e-6	2.702726931147481e-11
0.52087114337568058076225045372051	1.2434497875801753e-14	1.865174681370263e-14	2.6490634490450304e-6	2.7116531242654673e-11
0.5226860254083484573502722323049	4.3076653355456074e-14	3.4638958368304884e-14	2.6582936198948914e-6	2.7208901798303486e-11
0.52450090744101633393829401088929	2.3092638912203256e-14	4.440892098500626e-14	2.667523834265495e-6	2.7317703654716752e-11
0.52631578947368421052631578947368	3.4638958368304884e-14	3.4638958368304884e-14	2.676754038866136e-6	2.7410518299575415e-11
0.52813067150635208711433756805808	1.509903313490213e-14	4.574118861455645e-14	2.685984235029082e-6	2.751576744230988e-11
0.52994555353901996370235934664247	2.353672812205332e-14	4.085620730620576e-14	2.6952144596137373e-6	2.7574387218010088e-11
0.53176043557168784029038112522686	1.865174681370263e-14	3.064215547965432e-14	2.7044446566648617e-6	2.7695623572299155e-11
0.53357531760435571687840290381125	1.3766765505351941e-14	4.574118861455645e-14	2.713674838616953e-6	2.7770230559553966e-11
0.53539019963702359346642468239564	3.8191672047105385e-14	4.75175454539567e-14	2.722905031227185e-6	2.7889690557003632e-11
0.53720508166969147005444646098004	1.2434497875801753e-14	2.3092638912203256e-14	2.732135246485967e-6	2.7983837469491846e-11
0.53901996370235934664246823956443	2.0872192862952943e-14	3.064215547965432e-14	2.7413654661856413e-6	2.8068658508573208e-11
0.54083484573502722323049001814882	2.5757174171303632e-14	3.68594044175552e-14	2.750595651690446e-6	2.8169910848419022e-11
0.54264972776769509981851179673321	3.197442310920451e-14	4.1744385725905886e-14	2.7598258607319792e-6	2.8255620065920084e-11
0.5444646098003629764065335753176	2.4424906541753444e-14	3.419486915845482e-14	2.7690560657767094e-6	2.8341773372630996e-11
0.546279491833030852994555353902	1.4654943925052066e-14	3.3306690738754696e-14	2.7782862681569043e-6	2.8425262144082808e-11
0.54809437386569872958257713248639	2.708944180085382e-14	3.4638958368304884e-14	2.787516467872564e-6	2.8546054409162025e-11
0.54990925589836660617059891107078	2.708944180085382e-14	2.1316282072803006e-14	2.796746670252759e-6	2.865396808715559e-11
0.55172413793103448275862068965517	1.9984014443252818e-14	5.1514348342607263e-14	2.8059768699684184e-6	2.87294632528301e-11
0.55353901996370235934664246823956	2.708944180085382e-14	3.2862601528904634e-14	2.8152070541409557e-6	2.8818725184009963e-11
0.55535390199637023593466424682396	1.3322676295501878e-14	3.952393967665557e-14	2.824437263626578e-6	2.8917312988596677e-11
0.55716878402903811252268602540835	1.2434497875801753e-14	3.774758283725532e-14	2.8336674762208247e-6	2.900346629530759e-11
0.55898366606170598911070780399274	2.353672812205332e-14	2.4424906541753444e-14	2.8428976768246628e-6	2.9115376776189805e-11
0.56079854809437386569872958257713	3.064215547965432e-14	3.4638958368304884e-14	2.8521278747639656e-6	2.920108599369087e-11
0.56261343012704174228675136116152	2.3092638912203256e-14	4.75175454539567e-14	2.8613580660419302e-6	2.930367060116623e-11
0.56442831215970961887477313974592	3.8191672047105385e-14	5.0182080713057076e-14	2.870588283077069e-6	2.9396929335234745e-11
0.56624319419237749546279491833031	2.930988785010413e-14	4.529709940470639e-14	2.8798184912304237e-6	2.948574717720476e-11
0.5680580762250453720508166969147	1.021405182655144e-14	2.7977620220553945e-14	2.8890486896138157e-6	2.957767364364372e-11
0.56987295825771324863883847549909	1.2434497875801753e-14	2.708944180085382e-14	2.8982788871090293e-6	2.965228063089853e-11
0.57168784029038112522686025408348	1.865174681370263e-14	4.574118861455645e-14	2.907509082383797e-6	2.9763302933361047e-11
0.57350272232304900181488203266788	2.7977620220553945e-14	3.68594044175552e-14	2.91673930252756e-6	2.984545943718331e-11
0.57531760435571687840290381125227	8.881784197001252e-15	5.1514348342607263e-14	2.925969502687309e-6	2.9954261293596574e-11
0.57713248638838475499092558983666	1.6431300764452317e-14	3.68594044175552e-14	2.9351997237192506e-6	3.0047075938455237e-11
0.57894736842105263157894736842105	3.3306690738754696e-14	5.906386491005833e-14	2.9444299181058398e-6	3.014832827830105e-11
0.58076225045372050816696914700544	2.1316282072803006e-14	1.865174681370263e-14	2.953660119153767e-6	3.0237590209480913e-11
0.58257713248638838475499092558984	7.549516567451064e-15	3.064215547965432e-14	2.962890324198497e-6	3.0324631694611526e-11
0.58439201451905626134301270417423	2.708944180085382e-14	3.597122599785507e-14	2.9721205057064992e-6	3.043920671075284e-11
0.58620689655172413793103448275862	1.3766765505351941e-14	5.062616992290714e-14	2.981350726738441e-6	3.0521363214575103e-11
0.58802177858439201451905626134301	2.4868995751603507e-14	4.884981308350689e-14	2.990580941997223e-6	3.062039510837167e-11
0.5898366606170598911070780399274	3.064215547965432e-14	3.4638958368304884e-14	2.9998111350515444e-6	3.070521614745303e-11
0.5916515426497277676950998185118	2.7977620220553945e-14	5.3734794391857577e-14	3.009041328549955e-6	3.0824232055692846e-11
0.59346642468239564428312159709619	6.217248937900877e-15	4.529709940470639e-14	3.018271545585094e-6	3.0891733615590056e-11
0.59528130671506352087114337568058	2.7977620220553945e-14	4.3076653355456074e-14	3.0275017430803075e-6	3.100009138279347e-11
0.59709618874773139745916515426497	3.064215547965432e-14	4.929390229335695e-14	3.0367319694413197e-6	3.111377822051509e-11
0.59891107078039927404718693284936	3.68594044175552e-14	3.3306690738754696e-14	3.0459621509493218e-6	3.11830561372517e-11
0.60072595281306715063520871143376	4.39648317751562e-14	3.197442310920451e-14	3.055192353773606e-6	3.128208803104826e-11
0.60254083484573502722323049001815	2.5757174171303632e-14	4.6629367034256575e-14	3.0644225836873318e-6	3.1375346765116774e-11
0.60435571687840290381125226860254	3.597122599785507e-14	2.7977620220553945e-14	3.0736527816266346e-6	3.1457503268939035e-11
0.60617059891107078039927404718693	3.064215547965432e-14	3.8191672047105385e-14	3.0828829777895805e-6	3.15680814821917e-11
0.60798548094373865698729582577132	1.865174681370263e-14	3.4638958368304884e-14	3.0921131930483625e-6	3.1668445643617815e-11
0.60980036297640653357531760435572	3.197442310920451e-14	3.952393967665557e-14	3.1013433918758437e-6	3.176392482373558e-11
0.61161524500907441016333938294011	3.597122599785507e-14	4.529709940470639e-14	3.1105735964764847e-6	3.184696950597754e-11
0.6134301270417422867513611615245	2.353672812205332e-14	3.8191672047105385e-14	3.1198037988566796e-6	3.1940228240046054e-11
0.61524500907441016333938294010889	2.4424906541753444e-14	3.774758283725532e-14	3.129034000348696e-6	3.204236875831157e-11
0.61705989110707803992740471869328	3.8191672047105385e-14	5.639932965095795e-14	3.1382642107224967e-6	3.213429522475053e-11
0.61887477313974591651542649727768	2.5757174171303632e-14	4.75175454539567e-14	3.147494418431762e-6	3.2241764813534246e-11
0.62068965517241379310344827586207	2.7977620220553945e-14	5.1514348342607263e-14	3.156724629249652e-6	3.232836220945501e-11
0.62250453720508166969147005444646	3.68594044175552e-14	5.1514348342607263e-14	3.1659548409557203e-6	3.241051871327727e-11
0.62431941923774954627949183303085	2.4868995751603507e-14	5.3734794391857577e-14	3.175185019355098e-6	3.249756019840788e-11
0.62613430127041742286751361161525	3.3306690738754696e-14	5.062616992290714e-14	3.18441523461388e-6	3.2615687928228e-11
0.62794918330308529945553539019964	3.197442310920451e-14	4.1744385725905886e-14	3.1936454485403942e-6	3.270761439466696e-11
0.62976406533575317604355716878403	1.865174681370263e-14	5.5067062021407764e-14	3.2028756726809604e-6	3.2790659076908923e-11
0.63157894736842105263157894736842	2.7977620220553945e-14	5.1514348342607263e-14	3.212105870176174e-6	3.290390182542069e-11
0.63339382940108892921960072595281	4.04121180963557e-14	4.884981308350689e-14	3.221336080994064e-6	3.2991831488971e-11
0.63520871143375680580762250453721	3.2862601528904634e-14	3.4638958368304884e-14	3.2305662918119538e-6	3.306510620859626e-11
0.6370235934664246823956442831216	3.064215547965432e-14	3.552713678800501e-14	3.239796509735271e-6	3.317435215421938e-11
0.63883847549909255898366606170599	2.708944180085382e-14	5.062616992290714e-14	3.2490266899110054e-6	3.326139363934999e-11
0.64065335753176043557168784029038	3.419486915845482e-14	3.197442310920451e-14	3.2582568985084492e-6	3.3362645979195804e-11
0.64246823956442831215970961887477	3.68594044175552e-14	4.884981308350689e-14	3.267487111102696e-6	3.346167787299237e-11
0.64428312159709618874773139745917	1.6431300764452317e-14	4.75175454539567e-14	3.2767173339109945e-6	3.354827526891313e-11
0.64609800362976406533575317604356	2.1316282072803006e-14	5.5067062021407764e-14	3.2859475322943865e-6	3.3643310359821044e-11
0.64791288566243194192377495462795	2.842170943040401e-14	3.68594044175552e-14	3.29517771868737e-6	3.373923362914866e-11
0.64972776769509981851179673321234	8.881784197001252e-15	5.0182080713057076e-14	3.304407950821542e-6	3.383160418479747e-11
0.65154264972776769509981851179673	2.7977620220553945e-14	5.5067062021407764e-14	3.313638147872666e-6	3.394928782540774e-11
0.65335753176043557168784029038113	3.2862601528904634e-14	4.3076653355456074e-14	3.3228683555819316e-6	3.403100024002015e-11
0.65517241379310344827586206896552	3.952393967665557e-14	4.75175454539567e-14	3.332098561070751e-6	3.413358484749551e-11
0.65698729582577132486388384754991	2.708944180085382e-14	3.68594044175552e-14	3.3413287794381574e-6	3.420064231818287e-11
0.6588021778584392014519056261343	2.7977620220553945e-14	4.39648317751562e-14	3.3505589778215494e-6	3.432543138615074e-11
0.66061705989110707803992740471869	2.708944180085382e-14	5.1514348342607263e-14	3.3597892206138624e-6	3.43916006784184e-11
0.66243194192377495462794918330309	3.108624468950438e-14	4.796163466380676e-14	3.369019418109076e-6	3.447730989591946e-11
0.66424682395644283121597096188748	2.4424906541753444e-14	3.774758283725532e-14	3.378249612051576e-6	3.460165487467748e-11
0.66606170598911070780399274047187	2.4424906541753444e-14	5.906386491005833e-14	3.387479827754447e-6	3.469091680585734e-11
0.66787658802177858439201451905626	3.197442310920451e-14	5.728750807065808e-14	3.3967100350196233e-6	3.4787284164394805e-11
0.66969147005444646098003629764065	3.952393967665557e-14	3.2862601528904634e-14	3.4059402360675506e-6	3.4864555686908716e-11
0.67150635208711433756805807622505	1.865174681370263e-14	6.750155989720952e-14	3.4151704593199383e-6	3.497913070305003e-11
0.67332123411978221415607985480944	2.7977620220553945e-14	3.8191672047105385e-14	3.4244006341666022e-6	3.505418177951469e-11
0.67513611615245009074410163339383	1.865174681370263e-14	4.529709940470639e-14	3.4336308627480605e-6	3.5140335086225605e-11
0.67695099818511796733212341197822	2.1316282072803006e-14	4.39648317751562e-14	3.442861087776805e-6	3.524958103184872e-11
0.67876588021778584392014519056261	3.4638958368304884e-14	6.128431095930864e-14	3.4520913012592302e-6	3.5348612925645284e-11
0.68058076225045372050816696914701	2.708944180085382e-14	4.263256414560601e-14	3.461321481879054e-6	3.54427598381335e-11
0.6823956442831215970961887477314	1.9984014443252818e-14	5.639932965095795e-14	3.4705517171218503e-6	3.554179173193006e-11
0.68421052631578947368421052631579	2.708944180085382e-14	4.574118861455645e-14	3.4797818946330494e-6	3.5646596785454676e-11
0.68602540834845735027223230490018	3.597122599785507e-14	4.574118861455645e-14	3.4890121165531696e-6	3.573230600295574e-11
0.68784029038112522686025408348457	3.4638958368304884e-14	4.085620730620576e-14	3.4982423193774537e-6	3.58126861499386e-11
0.68965517241379310344827586206897	4.574118861455645e-14	5.417888360170764e-14	3.5074725297512543e-6	3.5915270757413964e-11
0.69147005444646098003629764065336	3.597122599785507e-14	6.217248937900877e-14	3.516702750783196e-6	3.601341447279083e-11
0.69328493647912885662431941923775	3.064215547965432e-14	3.197442310920451e-14	3.5259329602688183e-6	3.610844956369874e-11
0.69509981851179673321234119782214	6.217248937900877e-15	5.5067062021407764e-14	3.535163159984478e-6	3.618572108621265e-11
0.69691470054446460980036297640653	2.930988785010413e-14	5.417888360170764e-14	3.5443933827927765e-6	3.629274658578652e-11
0.69872958257713248638838475499093	1.865174681370263e-14	3.68594044175552e-14	3.553623594942934e-6	3.640154844219978e-11
0.70054446460980036297640653357532	1.865174681370263e-14	5.5067062021407764e-14	3.562853808425359e-6	3.647127044814624e-11
0.70235934664246823956442831215971	3.68594044175552e-14	5.5067062021407764e-14	3.5720840121378217e-6	3.6570746431152656e-11
0.7041742286751361161524500907441	2.7977620220553945e-14	4.529709940470639e-14	3.581314224287979e-6	3.666444925443102e-11
0.70598911070780399274047186932849	2.4424906541753444e-14	5.906386491005833e-14	3.590544451981259e-6	3.675904025612908e-11
0.70780399274047186932849364791289	3.8191672047105385e-14	5.773159728050814e-14	3.59977463970651e-6	3.68736152722704e-11
0.70961887477313974591651542649728	1.8207657603852567e-14	4.75175454539567e-14	3.6090048642911654e-6	3.696376538186996e-11
0.71143375680580762250453720508167	2.6201263381153694e-14	4.574118861455645e-14	3.618235068003628e-6	3.7061465008036976e-11
0.71324863883847549909255898366606	3.68594044175552e-14	6.483702463810914e-14	3.6274652956969078e-6	3.714228924422969e-11
0.71506352087114337568058076225045	3.774758283725532e-14	4.3076653355456074e-14	3.636695498965281e-6	3.723155117540955e-11
0.71687840290381125226860254083485	3.064215547965432e-14	4.6629367034256575e-14	3.6459257195531336e-6	3.730615816266436e-11
0.71869328493647912885662431941924	1.9984014443252818e-14	5.240252676230739e-14	3.655155899284779e-6	3.742695042774358e-11
0.72050816696914700544464609800363	3.197442310920451e-14	5.906386491005833e-14	3.664386121204899e-6	3.753708455178639e-11
0.72232304900181488203266787658802	3.3306690738754696e-14	5.284661597215745e-14	3.6736163355755025e-6	3.760414202247375e-11
0.72413793103448275862068965517241	1.2434497875801753e-14	6.394884621840902e-14	3.68284654772566e-6	3.771205570046732e-11
0.72595281306715063520871143375681	3.3306690738754696e-14	5.284661597215745e-14	3.69207677541894e-6	3.781375212952298e-11
0.7277676950998185117967332123412	1.1102230246251565e-14	5.639932965095795e-14	3.701306968029172e-6	3.789546454413539e-11
0.72958257713248638838475499092559	1.6431300764452317e-14	3.8191672047105385e-14	3.710537182843865e-6	3.7968739263760654e-11
0.73139745916515426497277676950998	3.064215547965432e-14	3.064215547965432e-14	3.719767392329487e-6	3.809708104540732e-11
0.73321234119782214156079854809437	3.597122599785507e-14	5.062616992290714e-14	3.7289976333454433e-6	3.8188563422636435e-11
0.73502722323049001814882032667877	4.263256414560601e-14	4.574118861455645e-14	3.7382278197384267e-6	3.828004579986555e-11
0.73684210526315789473684210526316	2.708944180085382e-14	4.39648317751562e-14	3.747458038105833e-6	3.835731732237946e-11
0.73865698729582577132486388384755	1.5987211554602254e-14	6.039613253960852e-14	3.756688246703277e-6	3.8473668695360175e-11
0.74047186932849364791288566243194	4.04121180963557e-14	4.529709940470639e-14	3.7659184588534345e-6	3.856959196468779e-11
0.74228675136116152450090744101633	3.2862601528904634e-14	6.616929226765933e-14	3.7751486674508783e-6	3.86468634872017e-11
0.74410163339382940108892921960073	2.7977620220553945e-14	5.773159728050814e-14	3.7843788769365005e-6	3.8747227648627813e-11
0.74591651542649727767695099818512	4.529709940470639e-14	3.952393967665557e-14	3.7936090988566207e-6	3.885114452373273e-11
0.74773139745916515426497277676951	3.952393967665557e-14	4.574118861455645e-14	3.8028393141154027e-6	3.893152467071559e-11
0.7495462794918330308529945553539	1.865174681370263e-14	6.705747068735946e-14	3.8120695329268983e-6	3.9039438348709155e-11
0.75136116152450090744101633393829	4.04121180963557e-14	4.529709940470639e-14	3.82129973708345e-6	3.9116265782013215e-11
0.75317604355716878402903811252269	3.064215547965432e-14	4.929390229335695e-14	3.8305299554508565e-6	3.923261715499393e-11
0.75499092558983666061705989110708	1.8207657603852567e-14	5.284661597215745e-14	3.839760168933282e-6	3.9314329569606343e-11
0.75680580762250453720508166969147	1.9539925233402755e-14	5.417888360170764e-14	3.848990380195261e-6	3.941824644471126e-11
0.75862068965517241379310344827586	2.7977620220553945e-14	5.906386491005833e-14	3.858220607444451e-6	3.952438376586542e-11
0.76043557168784029038112522686025	3.68594044175552e-14	4.574118861455645e-14	3.867450811601003e-6	3.9607428448107385e-11
0.76225045372050816696914700544465	1.865174681370263e-14	6.394884621840902e-14	3.876681012204841e-6	3.970646034190395e-11
0.76406533575317604355716878402904	2.3092638912203256e-14	4.75175454539567e-14	3.885911230572248e-6	3.979350182703456e-11
0.76588021778584392014519056261343	2.353672812205332e-14	5.639932965095795e-14	3.8951414329524425e-6	3.9888536917942474e-11
0.76769509981851179673321234119782	3.064215547965432e-14	4.884981308350689e-14	3.904371653984384e-6	3.9968028886505635e-11
0.76950998185117967332123411978221	3.197442310920451e-14	6.972200594645983e-14	3.913601881233575e-6	4.006928122635145e-11
0.77132486388384754990925589836661	3.3306690738754696e-14	6.039613253960852e-14	3.922832095160089e-6	4.016342813883966e-11
0.773139745916515426497277676951	3.4638958368304884e-14	5.5067062021407764e-14	3.9320623108629604e-6	4.027578270893173e-11
0.77495462794918330308529945553539	1.4654943925052066e-14	5.062616992290714e-14	3.941292499920479e-6	4.035927148038354e-11
0.77676950998185117967332123411978	3.4638958368304884e-14	4.529709940470639e-14	3.950522743156881e-6	4.04458688763043e-11
0.77858439201451905626134301270417	4.39648317751562e-14	4.440892098500626e-14	3.959752950866147e-6	4.054756530535997e-11
0.78039927404718693284936479128857	5.1514348342607263e-14	6.217248937900877e-14	3.968983150581806e-6	4.063727132574968e-11
0.78221415607985480943738656987296	3.68594044175552e-14	6.705747068735946e-14	3.978213378275086e-6	4.0734526862706844e-11
0.78402903811252268602540834845735	3.197442310920451e-14	3.952393967665557e-14	3.98744358687253e-6	4.0820680169417756e-11
0.78584392014519056261343012704174	3.4638958368304884e-14	4.529709940470639e-14	3.996673816342167e-6	4.092015615242417e-11
0.78765880217785843920145190562613	2.6201263381153694e-14	4.796163466380676e-14	4.00590403648593e-6	4.1028958008837435e-11
0.78947368421052631578947368421053	3.8191672047105385e-14	5.551115123125783e-14	4.015134253521069e-6	4.1104453174511946e-11
0.79128856624319419237749546279492	3.774758283725532e-14	4.796163466380676e-14	4.0243644598980666e-6	4.120259688988881e-11
0.79310344827586206896551724137931	2.5757174171303632e-14	5.773159728050814e-14	4.033594686259079e-6	4.1302516962105074e-11
0.7949183303085299455535390199637	1.9984014443252818e-14	3.8191672047105385e-14	4.042824886418828e-6	4.139621978538344e-11
0.79673321234119782214156079854809	2.4424906541753444e-14	5.728750807065808e-14	4.052055089687201e-6	4.1513015247574003e-11
0.79854809437386569872958257713249	3.597122599785507e-14	5.0182080713057076e-14	4.061285331147246e-6	4.157874045063181e-11
0.80036297640653357531760435571688	4.3076653355456074e-14	3.2862601528904634e-14	4.070515533527441e-6	4.168398959336628e-11
0.80217785843920145190562613430127	4.1744385725905886e-14	5.5067062021407764e-14	4.0797457430130635e-6	4.175948475904079e-11
0.80399274047186932849364791288566	3.952393967665557e-14	6.483702463810914e-14	4.088975958715935e-6	4.1871839329132854e-11
0.80580762250453720508166969147005	3.197442310920451e-14	5.773159728050814e-14	4.098206170866092e-6	4.196376579557182e-11
0.80762250453720508166969147005445	2.7977620220553945e-14	4.574118861455645e-14	4.107436414102494e-6	4.205880088647973e-11
0.80943738656987295825771324863884	2.708944180085382e-14	6.838973831690964e-14	4.116666633358079e-6	4.213607240899364e-11
0.81125226860254083484573502722323	3.4638958368304884e-14	6.394884621840902e-14	4.1258968321855605e-6	4.2231107499901555e-11
0.81306715063520871143375680580762	6.350475700855895e-14	6.616929226765933e-14	4.135127058546573e-6	4.234745887288227e-11
0.81488203266787658802177858439201	4.39648317751562e-14	6.483702463810914e-14	4.144357257374054e-6	4.2445158499049285e-11
0.81669691470054446460980036297641	3.419486915845482e-14	4.263256414560601e-14	4.153587496613653e-6	4.2529535448920797e-11
0.8185117967332123411978221415608	3.4638958368304884e-14	5.5067062021407764e-14	4.162817687447529e-6	4.262989961034691e-11
0.82032667876588021778584392014519	3.68594044175552e-14	5.1514348342607263e-14	4.1720479213580575e-6	4.270450659760172e-11
0.82214156079854809437386569872958	3.064215547965432e-14	5.906386491005833e-14	4.181278129955501e-6	4.2805314848237686e-11
0.82395644283121597096188747731397	2.4868995751603507e-14	5.906386491005833e-14	4.190508342105659e-6	4.290345856361455e-11
0.82577132486388384754990925589837	2.708944180085382e-14	5.417888360170764e-14	4.199738564913957e-6	4.3019365847385416e-11
0.82758620689655172413793103448276	3.68594044175552e-14	4.884981308350689e-14	4.208968799712665e-6	4.307176837414772e-11
0.82940108892921960072595281306715	4.3076653355456074e-14	5.773159728050814e-14	4.218199000760592e-6	4.318101431977084e-11
0.83121597096188747731397459165154	3.2862601528904634e-14	5.062616992290714e-14	4.22742922934205e-6	4.32640590020128e-11
0.83303085299455535390199637023593	3.197442310920451e-14	5.240252676230739e-14	4.236659441936297e-6	4.338351899946247e-11
0.83484573502722323049001814882033	4.263256414560601e-14	5.906386491005833e-14	4.245889668741398e-6	4.345457327303848e-11
0.83666061705989110707803992740472	2.7977620220553945e-14	5.551115123125783e-14	4.255119872009772e-6	4.3570480556809343e-11
0.83847549909255898366606170598911	3.197442310920451e-14	5.773159728050814e-14	4.264350097482605e-6	4.368683192979006e-11
0.8402903811252268602540834845735	3.907985046680551e-14	6.039613253960852e-14	4.2735803171822795e-6	4.375921847099562e-11
0.84210526315789473684210526315789	4.75175454539567e-14	7.37188088351104e-14	4.282810537770132e-6	4.385203311585428e-11
0.84392014519056261343012704174229	3.552713678800501e-14	5.3734794391857577e-14	4.292040745035308e-6	4.3945735939132646e-11
0.84573502722323049001814882032668	3.064215547965432e-14	6.039613253960852e-14	4.301270940754165e-6	4.4017678391128356e-11
0.84754990925589836660617059891107	2.220446049250313e-14	7.860379014346108e-14	4.310501183546478e-6	4.412648024754162e-11
0.84936479128856624319419237749546	3.2862601528904634e-14	6.128431095930864e-14	4.319731397028903e-6	4.424549615578144e-11
0.85117967332123411978221415607985	2.7977620220553945e-14	6.039613253960852e-14	4.328961628718986e-6	4.43116654480491e-11
0.85299455535390199637023593466425	3.68594044175552e-14	5.773159728050814e-14	4.33819185952089e-6	4.441291778789491e-11
0.85480943738656987295825771324864	2.930988785010413e-14	6.483702463810914e-14	4.347422050354766e-6	4.4515502395370277e-11
0.85662431941923774954627949183303	3.8191672047105385e-14	4.574118861455645e-14	4.356652291814811e-6	4.460565250496984e-11
0.85843920145190562613430127041742	3.774758283725532e-14	5.0182080713057076e-14	4.365882487977757e-6	4.469979941745805e-11
0.86025408348457350272232304900181	4.574118861455645e-14	4.04121180963557e-14	4.375112737875497e-6	4.4799275400464467e-11
0.86206896551724137931034482758621	2.4868995751603507e-14	5.551115123125783e-14	4.384342954022458e-6	4.490052774031028e-11
0.8638838475499092558983666061706	2.930988785010413e-14	5.995204332975845e-14	4.393573172389864e-6	4.497957561966359e-11
0.86569872958257713248638838475499	3.8191672047105385e-14	6.039613253960852e-14	4.402803398750876e-6	4.509992379553296e-11
0.86751361161524500907441016333938	3.064215547965432e-14	4.085620730620576e-14	4.412033592693376e-6	4.516209628491197e-11
0.86932849364791288566243194192377	2.1316282072803006e-14	5.0182080713057076e-14	4.421263825271637e-6	4.526601316001688e-11
0.87114337568058076225045372050817	4.04121180963557e-14	3.952393967665557e-14	4.430494060958523e-6	4.5363268696974046e-11
0.87295825771324863883847549909256	3.3306690738754696e-14	6.483702463810914e-14	4.439724271776413e-6	4.545608334183271e-11
0.87477313974591651542649727767695	3.064215547965432e-14	4.929390229335695e-14	4.44895450080196e-6	4.5560444306147474e-11
0.87658802177858439201451905626134	2.7977620220553945e-14	6.217248937900877e-14	4.458184708955315e-6	4.5642156720759886e-11
0.87840290381125226860254083484574	3.197442310920451e-14	4.39648317751562e-14	4.467414929987257e-6	4.573230683035945e-11
0.88021778584392014519056261343013	5.0182080713057076e-14	5.5067062021407764e-14	4.476645151463288e-6	4.582689783205751e-11
0.88203266787658802177858439201452	5.1514348342607263e-14	6.350475700855895e-14	4.4858753494025905e-6	4.5930814707162426e-11
0.88384754990925589836660617059891	2.1316282072803006e-14	5.5067062021407764e-14	4.495105561108659e-6	4.602584979807034e-11
0.8856624319419237749546279491833	2.930988785010413e-14	4.263256414560601e-14	4.504335810118221e-6	4.60982363392759e-11
0.8874773139745916515426497277677	3.108624468950438e-14	3.4638958368304884e-14	4.513566034258787e-6	4.6203041392800515e-11
0.88929219600725952813067150635209	2.4868995751603507e-14	6.705747068735946e-14	4.522796258843442e-6	4.632072503341078e-11
0.89110707803992740471869328493648	5.906386491005833e-14	6.039613253960852e-14	4.532026491865793e-6	4.639977291276409e-11
0.89292196007259528130671506352087	4.085620730620576e-14	6.52811138479592e-14	4.541256708456842e-6	4.651079521522661e-11
0.89473684210526315789473684210526	2.9753977059954195e-14	6.217248937900877e-14	4.550486923271535e-6	4.6568526812507116e-11
0.89655172413793103448275862068966	3.68594044175552e-14	6.616929226765933e-14	4.559717156293885e-6	4.667821684734008e-11
0.89836660617059891107078039927405	2.708944180085382e-14	6.483702463810914e-14	4.56894735334501e-6	4.6773696027457845e-11
0.90018148820326678765880217785844	3.197442310920451e-14	6.350475700855895e-14	4.578177606795464e-6	4.688782695438931e-11
0.90199637023593466424682395644283	3.108624468950438e-14	5.773159728050814e-14	4.587407804734767e-6	4.6978865242408574e-11
0.90381125226860254083484573502722	3.952393967665557e-14	7.505107646466058e-14	4.596638036424849e-6	4.707345624410664e-11
0.90562613430127041742286751361162	3.68594044175552e-14	7.949196856316121e-14	4.6058682583449695e-6	4.71662708889653e-11
0.90744101633393829401088929219601	2.4424906541753444e-14	6.217248937900877e-14	4.615098464277878e-6	4.7257753266194413e-11
0.9092558983666061705989110707804	2.3092638912203256e-14	5.728750807065808e-14	4.624328678648482e-6	4.7352788357102327e-11
0.91107078039927404718693284936479	2.3092638912203256e-14	3.952393967665557e-14	4.633558916555813e-6	4.743228032566549e-11
0.91288566243194192377495462794918	2.4868995751603507e-14	5.284661597215745e-14	4.642789166453554e-6	4.7547743520226504e-11
0.91470054446460980036297640653358	3.2862601528904634e-14	6.838973831690964e-14	4.652019355066983e-6	4.764055816508517e-11
0.91651542649727767695099818511797	4.1744385725905886e-14	4.574118861455645e-14	4.661249599191564e-6	4.772493511495668e-11
0.91833030852994555353901996370236	4.263256414560601e-14	6.217248937900877e-14	4.670479809565364e-6	4.782396700875324e-11
0.92014519056261343012704174228675	2.4868995751603507e-14	6.039613253960852e-14	4.67971002837686e-6	4.7895909460748953e-11
0.92196007259528130671506352087114	2.708944180085382e-14	6.52811138479592e-14	4.688940260066943e-6	4.800293496032282e-11
0.92377495462794918330308529945554	4.574118861455645e-14	4.574118861455645e-14	4.698170481542974e-6	4.8112180905945934e-11
0.92558983666061705989110707803993	3.2862601528904634e-14	7.593925488436071e-14	4.7074006879199715e-6	4.8215653691841e-11
0.92740471869328493647912885662432	4.796163466380676e-14	6.616929226765933e-14	4.716630934264998e-6	4.828937250067611e-11
0.92921960072595281306715063520871	2.842170943040401e-14	6.350475700855895e-14	4.72586116062601e-6	4.838440759158402e-11
0.9310344827586206896551724137931	2.708944180085382e-14	6.217248937900877e-14	4.735091370555722e-6	4.849054491273819e-11
0.9328493647912885662431941923775	4.263256414560601e-14	6.394884621840902e-14	4.744321600469448e-6	4.858247137917715e-11
0.93466424682395644283121597096189	3.3306690738754696e-14	6.483702463810914e-14	4.753551839709047e-6	4.865841063406151e-11
0.93647912885662431941923774954628	3.907985046680551e-14	5.639932965095795e-14	4.762782035871993e-6	4.8759662973907325e-11
0.93829401088929219600725952813067	1.9984014443252818e-14	5.773159728050814e-14	4.772012261788916e-6	4.886224758138269e-11
0.94010889292196007259528130671506	4.39648317751562e-14	8.659739592076221e-14	4.781242481044501e-6	4.8974602151474755e-11
0.94192377495462794918330308529946	4.574118861455645e-14	5.551115123125783e-14	4.79047271495503e-6	4.9043435979001515e-11
0.94373865698729582577132486388385	4.39648317751562e-14	5.861977570020827e-14	4.799702939539685e-6	4.914335605121778e-11
0.94555353901996370235934664246824	2.708944180085382e-14	6.705747068735946e-14	4.808933161015716e-6	4.923972340975524e-11
0.94736842105263157894736842105263	2.930988785010413e-14	5.906386491005833e-14	4.818163395370334e-6	4.934408437407001e-11
0.94918330308529945553539019963702	3.8191672047105385e-14	6.705747068735946e-14	4.827393598638707e-6	4.941824727211497e-11
0.95099818511796733212341197822142	3.952393967665557e-14	7.37188088351104e-14	4.836623833881504e-6	4.951017373855393e-11
0.95281306715063520871143375680581	2.708944180085382e-14	7.238654120556021e-14	4.845854062018873e-6	4.9605208829461844e-11
0.9546279491833030852994555353902	3.197442310920451e-14	5.551115123125783e-14	4.855084275501298e-6	4.971800748876376e-11
0.95644283121597096188747731397459	3.4638958368304884e-14	6.972200594645983e-14	4.864314492536437e-6	4.9818371650189874e-11
0.95825771324863883847549909255898	3.2862601528904634e-14	4.75175454539567e-14	4.873544733996482e-6	4.9895199083493935e-11
0.96007259528130671506352087114338	4.39648317751562e-14	4.75175454539567e-14	4.882774962133851e-6	4.99906782636117e-11
0.96188747731397459165154264972777	2.4424906541753444e-14	5.861977570020827e-14	4.892005179613079e-6	5.007949610558171e-11
0.96370235934664246823956442831216	5.906386491005833e-14	6.039613253960852e-14	4.901235413967697e-6	5.019051840804423e-11
0.96551724137931034482758620689655	2.708944180085382e-14	5.284661597215745e-14	4.910465644325512e-6	5.027755989317484e-11
0.96733212341197822141560798548094	3.952393967665557e-14	6.483702463810914e-14	4.919695844485261e-6	5.037525951934185e-11
0.96914700544464609800362976406534	4.796163466380676e-14	7.105427357601002e-14	4.928926093050734e-6	5.0452531041855764e-11
0.97096188747731397459165154264973	5.417888360170764e-14	6.483702463810914e-14	4.938156312750408e-6	5.056266516589858e-11
0.97277676950998185117967332123412	4.263256414560601e-14	6.350475700855895e-14	4.9473865417759555e-6	5.065903252443604e-11
0.97459165154264972776769509981851	4.884981308350689e-14	6.52811138479592e-14	4.956616756146559e-6	5.0744741741937105e-11
0.9764065335753176043557168784029	4.574118861455645e-14	5.773159728050814e-14	4.965846993165712e-6	5.083844456521547e-11
0.9782214156079854809437386569873	3.597122599785507e-14	3.8191672047105385e-14	4.975077218194457e-6	5.0945914153999183e-11
0.98003629764065335753176043557169	3.064215547965432e-14	7.016609515630989e-14	4.984307430788704e-6	5.1029402925450995e-11
0.98185117967332123411978221415608	2.842170943040401e-14	7.105427357601002e-14	4.993537668251946e-6	5.111511214295206e-11
0.98366606170598911070780399274047	3.8191672047105385e-14	6.483702463810914e-14	5.002767892392512e-6	5.121725266121757e-11
0.98548094373865698729582577132486	3.4638958368304884e-14	6.350475700855895e-14	5.011998131188022e-6	5.1317616822643686e-11
0.98729582577132486388384754990926	3.419486915845482e-14	6.350475700855895e-14	5.021228356216767e-6	5.140687875382355e-11
0.98911070780399274047186932849365	3.597122599785507e-14	5.417888360170764e-14	5.030458578580976e-6	5.150058157710191e-11
0.99092558983666061705989110707804	3.3306690738754696e-14	7.993605777301127e-14	5.039688803165632e-6	5.1598725292478775e-11
0.99274047186932849364791288566243	3.907985046680551e-14	7.72715225139109e-14	5.048919019312592e-6	5.169997763232459e-11
0.99455535390199637023593466424682	5.284661597215745e-14	8.171241461241152e-14	5.05814924789405e-6	5.1811444023996955e-11
0.99637023593466424682395644283122	5.5067062021407764e-14	6.972200594645983e-14	5.067379492018631e-6	5.190514684727532e-11
0.99818511796733212341197822141561	2.842170943040401e-14	7.860379014346108e-14	5.076609707721502e-6	5.197176022875283e-11