0	3.0478177778583285e-51	3.0478177778583285e-51	3.0478177778583285e-51	3.0478177778583285e-51	3.0478177778583285e-51	3.0478177778583285e-51
0.001814882032667876588021778584392	3.0173267354826883e-8	1.0373968994010943e-13	6.035225397847362e-8	6.223838466586034e-13	6.912382287147347e-17	7.017996175834634e-17
0.003629764065335753176043557168784	6.033223737953475e-8	2.074497725429408e-13	1.2069020916370063e-7	1.2445817697362476e-12	1.0260823352049587e-16	9.85591773071454e-17
0.005444646098003629764065335753176	9.04632012510988e-8	3.1110584395479096e-13	1.8098527129729234e-7	1.866787255218381e-12	1.2826942420696098e-16	1.222633592085349e-16
0.0072595281306715063520871143375681	1.206529122288852e-7	4.148673447838894e-13	2.412383592235629e-7	2.4885811270913668e-12	1.559978634598247e-16	1.4967185563759457e-16
0.0090744101633393829401088929219601	1.5085863147211922e-7	5.185816538088045e-13	3.0166425762841687e-7	3.1113361016912375e-12	1.8468901781730947e-16	1.765046823278987e-16
0.010889292196007259528130671506352	1.8105275523645143e-7	6.224011828810714e-13	3.6208479215807667e-7	3.73376378924151e-12	2.0830247485485484e-16	1.8835388114873692e-16
0.012704174228675136116152450090744	2.1122098255888536e-7	7.260909965443215e-13	4.224678312957878e-7	4.356663085045521e-12	2.2116416196921676e-16	2.1117323855261568e-16
0.014519056261343012704174228675136	2.413490169057444e-7	8.297208132277795e-13	4.827847717640434e-7	4.9785659809757914e-12	2.4447185962125133e-16	2.3272112349790087e-16
0.016333938294010889292196007259528	2.7142257063895934e-7	9.333423129511516e-13	5.430070226372752e-7	5.600460380359829e-12	2.6707661415664366e-16	2.50458819437066e-16
0.01814882032667876588021778584392	3.015995526433365e-7	1.037050442406083e-12	6.031060143626126e-7	6.221896975827519e-12	2.8134921180163995e-16	2.629568162066614e-16
0.019963702359346642468239564428312	3.3186783253412213e-7	1.1408179706374557e-12	6.635968293505282e-7	6.844745978647479e-12	3.0668765667196602e-16	2.803622281199012e-16
0.021778584392014519056261343012704	3.620986282048721e-7	1.2447167622360552e-12	7.24131554885273e-7	7.467031876496886e-12	3.2196145774659944e-16	3.101459134065447e-16
0.023593466424682395644283121597096	3.9227763229575357e-7	1.3484592776122684e-12	7.845769974410782e-7	8.090763690060513e-12	3.2105234087014314e-16	3.3026356440364927e-16
0.025408348457350272232304900181488	4.2239054618280774e-7	1.4519291148542987e-12	8.449045426536865e-7	8.712910914365873e-12	3.418363666229036e-16	3.294536752957484e-16
0.02722323049001814882032667876588	4.524230845214325e-7	1.5556213825165466e-12	9.050855972697282e-7	9.333977213721647e-12	3.5159284537673925e-16	3.467194688615222e-16
0.029038112522686025408348457350272	4.825008058039765e-7	1.6591759038488095e-12	9.650915981625076e-7	9.955659178172426e-12	3.4541360603334726e-16	3.569064793700465e-16
0.030852994555353901996370235934664	5.128474551279105e-7	1.7630861491962617e-12	1.0254460159689355e-6	1.0577708926466886e-11	3.534969229748468e-16	3.8064660686654455e-16
0.032667876588021778584392014519056	5.431307368982407e-7	1.866957500366153e-12	1.0861265392571447e-6	1.1200830977838404e-11	3.8257040679407707e-16	3.996245624670161e-16
0.034482758620689655172413793103448	5.733363344230684e-7	1.970858323007206e-12	1.1466660013882591e-6	1.1824500666747444e-11	4.0407732551784916e-16	4.1899195097111935e-16
0.03629764065335753176043557168784	6.034499441787715e-7	2.0742767747852995e-12	1.2070357712288733e-6	1.2447422544483384e-11	4.1806845422875775e-16	4.4037840512223105e-16
0.038112522686025408348457350272232	6.33457280276256e-7	2.1779181060557874e-12	1.2672072475050227e-6	1.3067486368763157e-11	4.2922859670482834e-16	4.528535732223165e-16
0.039927404718693284936479128856624	6.633747061110904e-7	2.281163899360474e-12	1.3271518678233132e-6	1.3689586115375333e-11	4.4078249697873267e-16	4.579463972712088e-16
0.041742286751361161524500907441016	6.937906193513537e-7	2.3853392283859273e-12	1.3871980755921308e-6	1.4309964552363684e-11	4.508372413720481e-16	4.572051238851698e-16
0.043557168784029038112522686025408	7.241421995084544e-7	2.4891451303515336e-12	1.448055997852278e-6	1.4934454509578625e-11	4.611180597333271e-16	4.790051767769067e-16
0.0453720508166969147005444646098	7.543902065595158e-7	2.593218821432204e-12	1.5087210926579982e-6	1.5557712391895847e-11	4.7833287333751e-16	4.994777195567969e-16
0.047186932849364791288566243194192	7.845203292282077e-7	2.69668617708678e-12	1.5691647064131056e-6	1.6181811555131305e-11	5.093794212252832e-16	5.3134394074275115e-16
0.049001814882032667876588021778584	8.145182782285215e-7	2.8001876357908714e-12	1.6293582241932966e-6	1.6802098096698136e-11	5.268911328579691e-16	5.439138162399169e-16
0.050816696914700544464609800362976	8.443697908139978e-7	2.90353117787509e-12	1.6892730786396609e-6	1.7423475289802404e-11	5.433435852325548e-16	5.492532473340179e-16
0.052631578947368421052631578947368	8.74690446314115e-7	3.007487663597872e-12	1.7489408425633083e-6	1.804261093021772e-11	5.5237573553913485e-16	5.672347626598561e-16
0.05444646098003629764065335753176	9.051261348782819e-7	3.111227182158483e-12	1.8099061849191233e-6	1.8667746651052408e-11	5.595023646331263e-16	5.742333424687947e-16
0.056261343012704174228675136116152	9.354323665105873e-7	3.2155349014256084e-12	1.8707285214113662e-6	1.9290420832246598e-11	5.723735812552391e-16	6.028337090282343e-16
0.058076225045372050816696914700544	9.655948193100747e-7	3.31918605035325e-12	1.9312775968864307e-6	1.9915947597632594e-11	5.807680173275282e-16	6.182974638725394e-16
0.059891107078039927404718693284936	9.955991977924957e-7	3.4224256211757795e-12	1.9915247770151177e-6	2.0536975612575604e-11	6.07389690300897e-16	6.328559437486541e-16
0.061705989110707803992740471869328	1.0254312373578887e-6	3.525950643098572e-12	2.0514414838458426e-6	2.1157110305046e-11	6.191687440376825e-16	6.424296349843576e-16
0.063520871143375680580762250453721	1.0555400583593418e-6	3.6295535520646626e-12	2.110999204801554e-6	2.177722788961193e-11	6.20764319852577e-16	6.497258149092975e-16
0.065335753176043557168784029038113	1.0860756625231539e-6	3.73357914488998e-12	2.17166335691685e-6	2.2400438645340645e-11	6.36155512278214e-16	6.630131363434979e-16
0.067150635208711433756805807622505	1.1164559321750703e-6	3.83774719717672e-12	2.232674539136746e-6	2.302361758121811e-11	6.567485403479088e-16	6.794914837489121e-16
0.068965517241379310344827586206897	1.1466665320367344e-6	3.941680878550018e-12	2.2933606915814968e-6	2.3649500912047074e-11	6.591778481896133e-16	6.835915151548807e-16
0.070780399274047186932849364791289	1.176693157540162e-6	4.044697021205413e-12	2.353693154895097e-6	2.4272054296425288e-11	6.738858323208679e-16	7.064711234711715e-16
0.072595281306715063520871143375681	1.2065215393967522e-6	4.148353762570067e-12	2.4136433348505023e-6	2.4890202609180685e-11	6.866588127366071e-16	7.204311389742675e-16
0.074410163339382940108892921960073	1.2363354882198899e-6	4.2514607705951976e-12	2.4731827113097917e-6	2.551185639745793e-11	6.973111007692971e-16	7.328135605718209e-16
0.076225045372050816696914700544465	1.2669839028215753e-6	4.35585891798898e-12	2.533313772730147e-6	2.6132272709351162e-11	6.999627232702219e-16	7.350358233912784e-16
0.078039927404718693284936479128857	1.2974540219597782e-6	4.459852527018942e-12	2.5945453987054307e-6	2.6757568494470813e-11	7.051522548709735e-16	7.48900717267829e-16
0.079854809437386569872958257713249	1.3277285850116633e-6	4.564104558640133e-12	2.6554002399279946e-6	2.7382259247263858e-11	7.352554745070026e-16	7.755353048725548e-16
0.081669691470054446460980036297641	1.3577932755265947e-6	4.667273722146302e-12	2.715849606329676e-6	2.80068992740686e-11	7.530203307845904e-16	8.017260761971197e-16
0.083484573502722323049001814882033	1.3876338167110659e-6	4.7707369221300595e-12	2.775864881700418e-6	2.862493097195702e-11	7.768899312635766e-16	8.222523540290347e-16
0.085299455535390199637023593466425	1.4172509374965385e-6	4.8736209747957516e-12	2.8354175327238194e-6	2.924630531678223e-11	7.766996779408549e-16	8.258823064889272e-16
0.087114337568058076225045372050817	1.4478439771171503e-6	4.978037305294328e-12	2.8948737393448044e-6	2.9863053502550885e-11	7.787510833928522e-16	8.239256123469875e-16
0.088929219600725952813067150635209	1.4784197546580133e-6	5.081855424356434e-12	2.956327354841217e-6	3.049102917413322e-11	7.846369141770735e-16	8.130754269421088e-16
0.090744101633393829401088929219601	1.5087740957971747e-6	5.186445464610155e-12	3.017382492233024e-6	3.1114625818218715e-11	7.9978742710806e-16	8.230026599557337e-16
0.092558983666061705989110707803993	1.5388926693447091e-6	5.289854183597437e-12	3.0779803797027427e-6	3.1741245970072334e-11	8.148194316351308e-16	8.366528979952097e-16
0.094373865698729582577132486388385	1.5687611881452015e-6	5.393003802990998e-12	3.13809237338759e-6	3.2360395169754936e-11	8.207024579554405e-16	8.631386908513693e-16
0.096188747731397459165154264972777	1.5983654135143324e-6	5.496196320114319e-12	3.1976899210850032e-6	3.298026693475611e-11	8.386129566664187e-16	8.772001508679825e-16
0.098003629764065335753176043557169	1.6286490080540776e-6	5.600084780013316e-12	3.256755419078539e-6	3.3597885497597043e-11	8.418436363437655e-16	8.72028670954354e-16
0.099818511796733212341197822141561	1.6593462499120293e-6	5.704048134509063e-12	3.3180066645435964e-6	3.422369026394311e-11	8.530822496640561e-16	8.738836306616983e-16
0.10163339382940108892921960072595	1.689796182246415e-6	5.808634880046528e-12	3.379293700068114e-6	3.484597682781774e-11	8.457134052421408e-16	8.807356009635457e-16
0.10344827586206896551724137931034	1.7199844563343002e-6	5.912441959710692e-12	3.4400717236808293e-6	3.5474891079790243e-11	8.739560938276072e-16	9.033022249788983e-16
0.10526315789473684210526315789474	1.7498967717981452e-6	6.015134007251291e-12	3.500312058205278e-6	3.609615072651262e-11	8.916728601103025e-16	9.275929879650824e-16
0.10707803992740471869328493647913	1.7795188811600548e-6	6.1187350456029015e-12	3.5599861268641634e-6	3.6713564341618954e-11	9.100044675806845e-16	9.510042687717573e-16
0.10889292196007259528130671506352	1.8093921196285553e-6	6.2219480164024485e-12	3.6190654622867483e-6	3.733347495613825e-11	9.115476032455824e-16	9.560076744103495e-16
0.11070780399274047186932849364791	1.8402266282001677e-6	6.326414133805418e-12	3.6795695872814396e-6	3.795535280087958e-11	9.12270927494067e-16	9.522276792346238e-16
0.1125226860254083484573502722323	1.8707879626587275e-6	6.430682564110053e-12	3.7411201165267518e-6	3.8580485017863915e-11	9.091652813569577e-16	9.473924770033747e-16
0.1143375680580762250453720508167	1.9010617538463724e-6	6.534978052911552e-12	3.802109887505459e-6	3.920756743648247e-11	9.374667907017845e-16	9.739555345751873e-16
0.11615245009074410163339382940109	1.9310336853389025e-6	6.6377075260908474e-12	3.862510184048958e-6	3.983162538071655e-11	9.637965642330858e-16	1.00557170629024e-15
0.11796733212341197822141560798548	1.9606894979822017e-6	6.741207587360254e-12	3.922292399121175e-6	4.0446745097158284e-11	9.981300193763898e-16	1.0282637058242727e-15
0.11978221415607985480943738656987	1.990133020083985e-6	6.843582065249905e-12	3.981428043849941e-6	4.106865257000244e-11	9.971414290591984e-16	1.0477995648574257e-15
0.12159709618874773139745916515426	2.021054011204792e-6	6.948631251860998e-12	4.0410023854080755e-6	4.168574789091298e-11	9.848034603246742e-16	1.0408440862193757e-15
0.12341197822141560798548094373866	2.051742555960287e-6	7.052649153235323e-12	4.102847996632428e-6	4.2314322715526127e-11	9.951554873336728e-16	1.0370791864445765e-15
0.12522686025408348457350272232305	2.0821176793089017e-6	7.157365269421828e-12	4.164081121374098e-6	4.2939436015746423e-11	1.0218148960962065e-15	1.0544120199772922e-15
0.12704174228675136116152450090744	2.1121650459364585e-6	7.260372874858512e-12	4.224672998784821e-6	4.356647110889138e-11	1.0522518206428713e-15	1.0931294810245863e-15
0.12885662431941923774954627949183	2.141870382237562e-6	7.363549306396852e-12	4.284594985891786e-6	4.418320358851744e-11	1.076461415787327e-15	1.1327809135287745e-15
0.13067150635208711433756805807623	2.17121948063244e-6	7.466263906507383e-12	4.343818566683696e-6	4.4803203678589924e-11	1.0892372558460673e-15	1.1410660088115339e-15
0.13248638838475499092558983666062	2.201821521698412e-6	7.570673867788024e-12	4.4024852449603795e-6	4.541737071037729e-11	1.0916244814533793e-15	1.1474035309914193e-15
0.13430127041742286751361161524501	2.2326530817558123e-6	7.674427673358183e-12	4.464463597644336e-6	4.604720237650244e-11	1.1033521695520641e-15	1.1405858095555601e-15
0.1361161524500907441016333938294	2.2631453504051223e-6	7.779597097722145e-12	4.525971676776602e-6	4.6670556906062504e-11	1.1192811827466848e-15	1.164752445301177e-15
0.13793103448275862068965517241379	2.293283970637646e-6	7.883110708198123e-12	4.586786750653759e-6	4.730041267484146e-11	1.1354736049086367e-15	1.2031409671362056e-15
0.13974591651542649727767695099819	2.323054651484697e-6	7.985739882385364e-12	4.6468801347049005e-6	4.7919432559396886e-11	1.1638716765943307e-15	1.2239170750305677e-15
0.14156079854809437386569872958258	2.3524431724613103e-6	8.088977842410798e-12	4.706223280055607e-6	4.8536904866442046e-11	1.1696036340169202e-15	1.239013511887481e-15
0.14337568058076225045372050816697	2.382522284004539e-6	8.192524568959236e-12	4.764787782452782e-6	4.9154106098834956e-11	1.154718725988443e-15	1.2455876944984827e-15
0.14519056261343012704174228675136	2.413512660628596e-6	8.296903331028345e-12	4.825953179531496e-6	4.9778884852105384e-11	1.1514455681004705e-15	1.2449666416976328e-15
0.14700544464609800362976406533575	2.4441378852830303e-6	8.40162374594293e-12	4.887767806882695e-6	5.040291569411742e-11	1.1590005029906285e-15	1.2470206690576019e-15
0.14882032667876588021778584392015	2.47438357641953e-6	8.505747431839405e-12	4.94883768854992e-6	5.1033224942804976e-11	1.1850576515122217e-15	1.2664957867150173e-15
0.15063520871143375680580762250454	2.504235422838179e-6	8.607947985203612e-12	5.0091340926911726e-6	5.1655787241549486e-11	1.2156684359692718e-15	1.2936524556996484e-15
0.15245009074410163339382940108893	2.5336791882662503e-6	8.71157511717085e-12	5.06862843187468e-6	5.226951914195882e-11	1.2214150477268819e-15	1.3139548952690417e-15
0.15426497277676950998185117967332	2.5631494239582517e-6	8.814102601848779e-12	5.1272922721057495e-6	5.2890292289099086e-11	1.2265193115814657e-15	1.3356984941804053e-15
0.15607985480943738656987295825771	2.5943144142825057e-6	8.919198119409314e-12	5.187303005117919e-6	5.350915774031109e-11	1.2424954312844667e-15	1.336642227874213e-15
0.15789473684210526315789473684211	2.6250884027547086e-6	9.023500058820897e-12	5.249455766823352e-6	5.413737612699283e-11	1.2407372362023694e-15	1.3424898147692656e-15
0.1597096188747731397459165154265	2.6554569803955297e-6	9.12824875975038e-12	5.310812062399106e-6	5.4764721576439394e-11	1.2572271791949771e-15	1.3422864030327326e-15
0.16152450090744101633393829401089	2.68540581300341e-6	9.230821713156066e-12	5.371343107053019e-6	5.5391340701554573e-11	1.286798266532241e-15	1.3647397722575874e-15
0.16333938294010889292196007259528	2.7149206456601075e-6	9.334048216607343e-12	5.431020269161752e-6	5.600503024956143e-11	1.2911480340290292e-15	1.382697808026415e-15
0.16515426497277676950998185117967	2.744027527753944e-6	9.436108877278838e-12	5.48981507927069e-6	5.662568838966187e-11	1.2859540578665278e-15	1.3927844420829538e-15
0.16696914700544464609800362976407	2.775051465708697e-6	9.541293967570632e-12	5.54853343572822e-6	5.7237782577164995e-11	1.2825752203938975e-15	1.3970912068975595e-15
0.16878402903811252268602540834846	2.8059900223668884e-6	9.645207381353686e-12	5.6110218140495555e-6	5.7870699487633685e-11	1.3031513459148134e-15	1.400175372048021e-15
0.17059891107078039927404718693285	2.836497300012935e-6	9.750526592788412e-12	5.672696123470417e-6	5.84956664685282e-11	1.3145594539849385e-15	1.4189975779460815e-15
0.17241379310344827586206896551724	2.8665589385471855e-6	9.85361448037034e-12	5.733493425426587e-6	5.9125829432315e-11	1.346492659808556e-15	1.4210993212496508e-15
0.17422867513611615245009074410163	2.896160661556342e-6	9.95629560820294e-12	5.793385038394256e-6	5.974202905025248e-11	1.3545581242617542e-15	1.4530309231310066e-15
0.17604355716878402903811252268603	2.9252882807709893e-6	1.0059006158477752e-11	5.852342451792784e-6	6.036005578701828e-11	1.3507938925540432e-15	1.4723363041323065e-15
0.17785843920145190562613430127042	2.9557169393542555e-6	1.016314297347476e-11	5.910382088685989e-6	6.097359496533216e-11	1.350615972580981e-15	1.47224389138109e-15
0.17967332123411978221415607985481	2.9868358647365744e-6	1.0267289611863624e-11	5.972452208717328e-6	6.160270901375125e-11	1.3771713303456637e-15	1.4881294579803148e-15
0.1814882032667876588021778584392	3.0174976532294402e-6	1.0372621188357945e-11	6.034476124775476e-6	6.222518777762402e-11	1.3884550632354844e-15	1.5040407569543476e-15
0.18330308529945553539019963702359	3.0476879160481084e-6	1.0476439246491234e-11	6.095571296169249e-6	6.285904811377423e-11	1.3889608272334335e-15	1.5110128913251192e-15
0.18511796733212341197822141560799	3.0773923524672803e-6	1.0578373645636859e-11	6.155708985792488e-6	6.347918964429368e-11	1.4031601988943074e-15	1.5376872291983202e-15
0.18693284936479128856624319419238	3.1065967542452198e-6	1.0681832545521008e-11	6.21486063627949e-6	6.409317981394563e-11	1.3927666592357835e-15	1.564585451916969e-15
0.18874773139745916515426497277677	3.136303961319249e-6	1.078475191749877e-11	6.272997878903966e-6	6.47110355830761e-11	1.4003066529794214e-15	1.5742596015404049e-15
0.19056261343012704174228675136116	3.1676190515640936e-6	1.088971875996015e-11	6.3337332140012236e-6	6.533310915489205e-11	1.401860416964938e-15	1.5818354989323962e-15
0.19237749546279491833030852994555	3.1984511586539188e-6	1.0994420292044112e-11	6.3961383213455454e-6	6.596000912600634e-11	1.4161915024111545e-15	1.5981126861198537e-15
0.19419237749546279491833030852995	3.228785862295597e-6	1.1099070445408586e-11	6.457562968693617e-6	6.659074893430329e-11	1.4368458855384088e-15	1.5912748205411908e-15
0.19600725952813067150635208711434	3.2586088345293457e-6	1.120108012696123e-11	6.5179783577130665e-6	6.721567469704468e-11	1.4593047543773095e-15	1.6129766261638399e-15
0.19782214156079854809437386569873	3.287905844365623e-6	1.1304471600488547e-11	6.577355878511854e-6	6.782567546013689e-11	1.4839392006920175e-15	1.653296278834841e-15
0.19963702359346642468239564428312	3.316903042502337e-6	1.1406035828216199e-11	6.635667118655216e-6	6.84475331145606e-11	1.4910621197717818e-15	1.6754637172179879e-15
0.20145190562613430127041742286751	3.3483327058741386e-6	1.1511944046089968e-11	6.694851096453313e-6	6.906172794744103e-11	1.4816504324121304e-15	1.6798658534011588e-15
0.20326678765880217785843920145191	3.3793509357237877e-6	1.1616172389770093e-11	6.757668970689421e-6	6.969409355429869e-11	1.473379865225628e-15	1.6717992862723007e-15
0.2050816696914700544464609800363	3.4098458943397265e-6	1.1721491347132135e-11	6.819454693939764e-6	7.032119344003016e-11	1.4926723810178667e-15	1.6701760724201418e-15
0.20689655172413793103448275862069	3.439803223782401e-6	1.182402209893237e-11	6.8801794009706934e-6	7.09509963718101e-11	1.5293184364672405e-15	1.68908247600622e-15
0.20871143375680580762250453720508	3.469208667400123e-6	1.1926884477511462e-11	6.939814423748529e-6	7.156402050124236e-11	1.5536288370906664e-15	1.7375709696934672e-15
0.21052631578947368421052631578947	3.4980480743155667e-6	1.2028933620107503e-11	6.998331300415782e-6	7.21828350251667e-11	1.560724059895365e-15	1.7757172349798997e-15
0.21234119782214156079854809437387	3.528969952258273e-6	1.213386912688743e-11	7.05605439344535e-6	7.279176178465353e-11	1.5520557385951346e-15	1.794751466546432e-15
0.21415607985480943738656987295826	3.560190104939387e-6	1.2237620712342776e-11	7.119054332975204e-6	7.34266511770944e-11	1.5491624007272947e-15	1.7827773150872057e-15
0.21597096188747731397459165154265	3.590861129883497e-6	1.234366894889128e-11	7.181232724543559e-6	7.405085041633596e-11	1.5605526841314555e-15	1.7723863878896054e-15
0.21778584392014519056261343012704	3.620968636304994e-6	1.2447025084936784e-11	7.2422983632203e-6	7.4684847592748e-11	1.5907919182074451e-15	1.7945980003183598e-15
0.21960072595281306715063520871143	3.650498339092435e-6	1.2549081374847807e-11	7.302222517132075e-6	7.53016232518959e-11	1.613464731536502e-15	1.811449849959675e-15
0.22141560798548094373865698729583	3.6794360632484957e-6	1.2651985276065153e-11	7.360976669343856e-6	7.591668304053562e-11	1.6168300312320002e-15	1.8555535109069468e-15
0.22323049001814882032667876588022	3.7095239168767737e-6	1.2755529178251723e-11	7.418532526862056e-6	7.653071121359366e-11	1.6154948233172773e-15	1.8713721900421886e-15
0.22504537205081669691470054446461	3.7409617878935616e-6	1.2860215752794694e-11	7.480280671544408e-6	7.71574493773419e-11	1.6020801182965515e-15	1.8720572690049166e-15
0.226860254083484573502722323049	3.7718246872131803e-6	1.296555880579217e-11	7.5428833153243035e-6	7.77821093906013e-11	1.6023699596969532e-15	1.8622203634290127e-15
0.22867513611615245009074410163339	3.8020981883713894e-6	1.3069860748378371e-11	7.604321493269361e-6	7.841702820456007e-11	1.641614980461002e-15	1.883107386979197e-15
0.23049001814882032667876588021779	3.831767974907245e-6	1.3171209903897286e-11	7.664566403982047e-6	7.903931779379043e-11	1.6899644765494064e-15	1.9192166323753397e-15
0.23230490018148820326678765880218	3.860819844950296e-6	1.3274830809329781e-11	7.723589469766744e-6	7.964886619758911e-11	1.709566877110479e-15	1.957274253616408e-15
0.23411978221415607985480943738657	3.8899877277824425e-6	1.3376820479094378e-11	7.781362345656672e-6	8.026849322238614e-11	1.717656310980946e-15	1.9714213941881175e-15
0.23593466424682395644283121597096	3.9216591076131935e-6	1.3482561608423542e-11	7.841334253173706e-6	8.08862332933824e-11	1.7083836401408595e-15	1.977118942258717e-15
0.23774954627949183303085299455535	3.952729685552849e-6	1.358719052611626e-11	7.90439272360711e-6	8.151710885720708e-11	1.695256642815418e-15	1.9843218553074707e-15
0.23956442831215970961887477313975	3.9831849966425215e-6	1.3692422391493175e-11	7.966235041478555e-6	8.214731662807993e-11	1.7126048315185233e-15	2.012454108802693e-15
0.24137931034482758620689655172414	4.013010690288928e-6	1.3794385046408265e-11	8.026832330219149e-6	8.277567234436593e-11	1.7550824777506298e-15	2.0358895804529656e-15
0.24319419237749546279491833030853	4.042192534798047e-6	1.3897408948821753e-11	8.08615594567253e-6	8.338483548704153e-11	1.781983958191575e-15	2.0802120459603584e-15
0.24500907441016333938294010889292	4.070792779297124e-6	1.3998631728043979e-11	8.144177485188972e-6	8.400495459763097e-11	1.7822362461600486e-15	2.0981564333135744e-15
0.24682395644283121597096188747731	4.102275188648661e-6	1.4104626654062359e-11	8.202217014092706e-6	8.461280139022302e-11	1.7778273496163348e-15	2.0933608441480413e-15
0.24863883847549909255898366606171	4.133569245222849e-6	1.420869233275928e-11	8.265747209446794e-6	8.525044219711542e-11	1.766245512271673e-15	2.1009271069771506e-15
0.2504537205081669691470054446461	4.164222178451278e-6	1.4314714293148553e-11	8.328025259992756e-6	8.587689643072796e-11	1.7821868601920514e-15	2.1167253671318623e-15
0.25226860254083484573502722323049	4.19421960075499e-6	1.441744992475012e-11	8.389006542544276e-6	8.651041019098986e-11	1.821223052569149e-15	2.1377422645699954e-15
0.25408348457350272232304900181488	4.2235472478177725e-6	1.4519724992173324e-11	8.44866234087214e-6	8.71234921574435e-11	1.842755894616557e-15	2.176622316300371e-15
0.25589836660617059891107078039927	4.252190983117921e-6	1.4621930658480658e-11	8.506964188951371e-6	8.773982296198273e-11	1.866190384420319e-15	2.208404327526044e-15
0.25771324863883847549909255898367	4.282803157219554e-6	1.472634049090816e-11	8.563985039221542e-6	8.834904207867874e-11	1.8630583960142722e-15	2.2096808373652514e-15
0.25952813067150635208711433756806	4.314336487647977e-6	1.483059325818759e-11	8.626933036159373e-6	8.898189501279966e-11	1.8476724456079343e-15	2.2184609380955774e-15
0.26134301270417422867513611615245	4.3452028516954545e-6	1.4936690095460802e-11	8.689678403185048e-6	8.96047087979103e-11	1.8508749469894002e-15	2.2307075296093955e-15
0.26315789473684210526315789473684	4.375387821968394e-6	1.504047518729187e-11	8.751075288986562e-6	9.024331721279562e-11	1.8852453682865823e-15	2.243909728176592e-15
0.26497277676950998185117967332123	4.4048770987057e-6	1.5141710454648334e-11	8.811094899517436e-6	9.086207271441968e-11	1.9128829405893804e-15	2.2758743451545643e-15
0.26678765880217785843920145190563	4.433656514344344e-6	1.524500171870439e-11	8.869708699675316e-6	9.147285710173543e-11	1.909723388997473e-15	2.302353989002753e-15
0.26860254083484573502722323049002	4.463236141479004e-6	1.5347661274326325e-11	8.926888422434179e-6	9.208844406177286e-11	1.9112195205943337e-15	2.308082142036129e-15
0.27041742286751361161524500907441	4.495024535731729e-6	1.545307992473006e-11	8.987936470558877e-6	9.271114978922241e-11	1.9084012357580324e-15	2.3217077498061095e-15
0.2722323049001814882032667876588	4.5261201353321865e-6	1.5558259030652605e-11	9.051180728031402e-6	9.333958517414676e-11	1.905168546442673e-15	2.3159312553614063e-15
0.27404718693284936479128856624319	4.556508470197494e-6	1.566321279637341e-11	9.113024819123538e-6	9.39741884731821e-11	1.9160524827439095e-15	2.3229586215613703e-15
0.27586206896551724137931034482759	4.586175202264763e-6	1.5764495132074487e-11	9.17343986631271e-6	9.459972244424045e-11	1.9489691751659885e-15	2.334702068478594e-15
0.27767695099818511796733212341198	4.615106130023957e-6	1.5867779482323887e-11	9.2323972597975e-6	9.520439477037433e-11	1.9646535939903648e-15	2.3645919147335903e-15
0.27949183303085299455535390199637	4.6436845806881665e-6	1.5968575497356194e-11	9.289868666556645e-6	9.582634095205857e-11	1.962734899945384e-15	2.387777173361928e-15
0.28130671506352087114337568058076	4.675626513956315e-6	1.6075267302655866e-11	9.348743783262813e-6	9.643801221362757e-11	1.9674862880407218e-15	2.3985644327181757e-15
0.28312159709618874773139745916515	4.706967149325814e-6	1.6179764257310952e-11	9.412518494335663e-6	9.707397138378126e-11	1.961395043030664e-15	2.4045959299521513e-15
0.28493647912885662431941923774955	4.7375746621475395e-6	1.6285661679348062e-11	9.474841384472639e-6	9.770320472720549e-11	1.9684708641405065e-15	2.406913830841677e-15
0.28675136116152450090744101633394	4.767434673240936e-6	1.6387697607620967e-11	9.535683486999981e-6	9.833557690382646e-11	1.9973079388444463e-15	2.4219299475441856e-15
0.28856624319419237749546279491833	4.796532944308145e-6	1.6490272240735115e-11	9.595016111738099e-6	9.894467682002799e-11	2.022607117643226e-15	2.4599282104540554e-15
0.29038112522686025408348457350272	4.824855382476085e-6	1.659160796715321e-11	9.65281085401818e-6	9.956243285092367e-11	2.0387040663299874e-15	2.493849277631025e-15
0.29219600725952813067150635208711	4.85613554852183e-6	1.669712288589706e-11	9.709661098257839e-6	1.0016588061898334e-10	2.0503001406894394e-15	2.511432538611285e-15
0.29401088929219600725952813067151	4.887737014940028e-6	1.6800933520153957e-11	9.773677965200928e-6	1.008062481038732e-10	2.0332380580855322e-15	2.514424232603105e-15
0.2958257713248638838475499092559	4.9185795154008026e-6	1.690776944144919e-11	9.836511238829488e-6	1.0143142986480476e-10	2.0401643097063323e-15	2.5164193604349926e-15
0.29764065335753176043557168784029	4.9486486267482184e-6	1.7010916156310847e-11	9.897812008598672e-6	1.0206942432558358e-10	2.0736871151238035e-15	2.531285488215271e-15
0.29945553539019963702359346642468	4.977930071088747e-6	1.7112422044003264e-11	9.957551498234494e-6	1.0268368490079414e-10	2.087134879100194e-15	2.5526095630019928e-15
0.30127041742286751361161524500907	5.006409720337615e-6	1.7214968049406658e-11	0.00001001570122576184	1.0329653802669804e-10	2.1008408482508728e-15	2.5797156913829115e-15
0.30308529945553539019963702359347	5.036544767556613e-6	1.7318570423178997e-11	0.000010072233012415892	1.0390710857512537e-10	2.112085339651485e-15	2.5962045125531884e-15
0.30490018148820326678765880217786	5.068422854863867e-6	1.74235160726763e-11	0.000010134645407285218	1.045362088895304e-10	2.0984395349506563e-15	2.6016854971084788e-15
0.30671506352087114337568058076225	5.0995161484555205e-6	1.752948373013507e-11	0.000010198020638591359	1.0516123038232547e-10	2.095473180148721e-15	2.606870321245247e-15
0.30852994555353901996370235934664	5.129810178370862e-6	1.7633916510856604e-11	0.00001025981167973785	1.0580103902864044e-10	2.1364497293185266e-15	2.6263565567629757e-15
0.31034482758620689655172413793103	5.159290624274793e-6	1.773438815997785e-11	0.000010319989662703476	1.0642283111669633e-10	2.1703891353398846e-15	2.645838943773345e-15
0.31215970961887477313974591651543	5.187943320015867e-6	1.7838023519651727e-11	0.000010378526022532208	1.0702840562858586e-10	2.1935480651718548e-15	2.6655368870491696e-15
0.31397459165154264972776769509982	5.216847301232393e-6	1.7939564905913455e-11	0.000010435392506195978	1.0764664833052747e-10	2.2012579542554622e-15	2.6769703946839043e-15
0.31578947368421052631578947368421	5.2490177933282106e-6	1.8045907161322357e-11	0.000010495407091175533	1.0826362686952477e-10	2.1663093414159927e-15	2.697133481670809e-15
0.3176043557168784029038112522686	5.280377680878156e-6	1.8150903247713976e-11	0.00001055935584311724	1.0889691160452643e-10	2.1602114031993743e-15	2.7019684356704603e-15
0.31941923774954627949183303085299	5.310912444263194e-6	1.8256553589132567e-11	0.000010621668751105735	1.095301902785917e-10	2.1957319502064713e-15	2.736918572216263e-15
0.32123411978221415607985480943739	5.340607717880699e-6	1.835788369475786e-11	0.000010682316849643343	1.1016004698794054e-10	2.2512315021804137e-15	2.754201580531947e-15
0.32304900181488203266787658802178	5.369449294671696e-6	1.8460739045164404e-11	0.000010741271485113185	1.1076450924525018e-10	2.27832670708529e-15	2.7731894392898407e-15
0.32486388384754990925589836660617	5.397546499388784e-6	1.8561048134337788e-11	0.000010798504324569874	1.1138424203753627e-10	2.2917883205917415e-15	2.792677124253221e-15
0.32667876588021778584392014519056	5.429514956424311e-6	1.8667891998150495e-11	0.00001085594929178334	1.1198821385142626e-10	2.2987759908654607e-15	2.8137190802242507e-15
0.32849364791288566243194192377495	5.461157233639888e-6	1.877212531339929e-11	0.000010920503115132558	1.126303131876902e-10	2.2711224358897504e-15	2.8293901040378157e-15
0.33030852994555353901996370235935	5.491948541521355e-6	1.8878813952440767e-11	0.000010983369475692708	1.1325837718079157e-10	2.2683347742107954e-15	2.8538579114396433e-15
0.33212341197822141560798548094374	5.521874466367005e-6	1.89811442178953e-11	0.000011044519304886922	1.1389507605083315e-10	2.313264102711008e-15	2.8799498217816434e-15
0.33393829401088929219600725952813	5.5509207573699386e-6	1.9083061766719807e-11	0.000011103923854682619	1.1450487974381422e-10	2.335530108429814e-15	2.8749720944353857e-15
0.33575317604355716878402903811252	5.57907333113456e-6	1.918471485964209e-11	0.000011161554706587418	1.1511966475226993e-10	2.3541073921025774e-15	2.874477316280656e-15
0.33756805807622504537205081669691	5.609907472199947e-6	1.928946931421e-11	0.000011217563836242401	1.1572428952905102e-10	2.3572132632992586e-15	2.896563318705798e-15
0.33938294010889292196007259528131	5.6418479290908185e-6	1.9393787862610424e-11	0.000011281448721036813	1.1636124030233819e-10	2.3322265587343755e-15	2.905427613018879e-15
0.3411978221415607985480943738657	5.672911588103367e-6	1.9500702154588058e-11	0.000011344900109288177	1.169845263535231e-10	2.3390018756055785e-15	2.9240106880326995e-15
0.34301270417422867513611615245009	5.703083984557593e-6	1.9604429106908344e-11	0.000011406583276057567	1.1762773094983656e-10	2.3665379141240902e-15	2.955193411932615e-15
0.34482758620689655172413793103448	5.732350821067803e-6	1.970498849412741e-11	0.00001146646937325825	1.1824483694925476e-10	2.4132880142549384e-15	2.95863595638995e-15
0.34664246823956442831215970961887	5.760697972046597e-6	1.9808057734977543e-11	0.000011524529891124198	1.1885266651286866e-10	2.4412527933005694e-15	2.9613060446010173e-15
0.34845735027223230490018148820327	5.790188470766803e-6	1.9910575469465944e-11	0.000011580736667058073	1.1946572255320164e-10	2.4236864996571914e-15	2.969935540321944e-15
0.35027223230490018148820326678766	5.822442891266682e-6	2.001640646006471e-11	0.000011642178931122772	1.2008941951313635e-10	2.4053877077577846e-15	2.9782362050569967e-15
0.35208711433756805807622504537205	5.853794703182366e-6	2.0122110734610944e-11	0.000011706246910556057	1.207190941417357e-10	2.3934298032097046e-15	2.9963548848825415e-15
0.35390199637023593466424682395644	5.884229388051447e-6	2.022734150673909e-11	0.000011768495012695273	1.2135775286764068e-10	2.4369931415922167e-15	3.0181059215060968e-15
0.35571687840290381125226860254083	5.913732599032987e-6	2.0327838537683772e-11	0.000011828894283779857	1.2198363304371768e-10	2.4807334476676217e-15	3.0303595908586896e-15
0.35753176043557168784029038112523	5.942290165508649e-6	2.0431064716117745e-11	0.00001188741611708512	1.2258301216341608e-10	2.499533307696342e-15	3.036230792384581e-15
0.35934664246823956442831215970962	5.970477441950522e-6	2.053117598936944e-11	0.000011944032261819373	1.2320503056176753e-10	2.503090564962565e-15	3.023288650471865e-15
0.36116152450090744101633393829401	6.002935246001287e-6	2.0638621187238976e-11	0.000012002680020139069	1.2381460921482982e-10	2.476767017692037e-15	3.034875060495737e-15
0.3629764065335753176043557168784	6.034591007250151e-6	2.0743394707581297e-11	0.000012067396141662342	1.244538578743795e-10	2.462642586803035e-15	3.0713570012835706e-15
0.36479128856624319419237749546279	6.065303793195734e-6	2.0849837492291094e-11	0.00001213024076694754	1.2508536991141077e-10	2.477705040334606e-15	3.09110929856066e-15
0.36660617059891107078039927404719	6.095059204774293e-6	2.0951323871307057e-11	0.00001219118483083833	1.257201153127079e-10	2.527903642092012e-15	3.1294906034972667e-15
0.36842105263157894736842105263158	6.123843023454492e-6	2.1053640701654767e-11	0.00001225019962399832	1.263251597184828e-10	2.5654475765149833e-15	3.1165666740136678e-15
0.37023593466424682395644283121597	6.151641215730453e-6	2.1154215865486025e-11	0.000012307256801731602	1.2694201135474127e-10	2.570335447561942e-15	3.121342797368519e-15
0.37205081669691470054446460980036	6.183318121116405e-6	2.1260362807256664e-11	0.00001236329324856395	1.275397302565051e-10	2.5460909137001664e-15	3.1289928537464975e-15
0.37386569872958257713248638838475	6.215293622287351e-6	2.1364250137464718e-11	0.000012428334068506313	1.2818595589668185e-10	2.5265372330962597e-15	3.1488204927406164e-15
0.37568058076225045372050816696915	6.246300317447041e-6	2.1471886566616656e-11	0.00001249180679364127	1.288122483466545e-10	2.513798786780134e-15	3.174091039465846e-15
0.37749546279491833030852994555354	6.276323752425889e-6	2.157477480458552e-11	0.000012553327260726891	1.294540372034005e-10	2.566773707554372e-15	3.2056256424019122e-15
0.37931034482758620689655172413793	6.305349657963903e-6	2.167578414577345e-11	0.000012612866652114308	1.3006553746396467e-10	2.6265282905853533e-15	3.210702141906209e-15
0.38112522686025408348457350272232	6.333363954215201e-6	2.1777904245992712e-11	0.000012670396523558333	1.3067641228986805e-10	2.648393014411928e-15	3.222217481332988e-15
0.38294010889292196007259528130672	6.3635846466180765e-6	2.188162350182524e-11	0.000012725888813431789	1.3128328695295087e-10	2.618324022600782e-15	3.22054977835512e-15
0.38475499092558983666061705989111	6.39589567198295e-6	2.1986806190946736e-11	0.000012789046960966898	1.319151543835899e-10	2.589073007413966e-15	3.240470363455836e-15
0.3865698729582577132486388384755	6.427212079426879e-6	2.2093472799171026e-11	0.00001285317935068303	1.325403011484557e-10	2.5656980107696145e-15	3.269415428084725e-15
0.38838475499092558983666061705989	6.457519356800431e-6	2.2197958924571322e-11	0.000012915307821898604	1.3318515347134643e-10	2.5968047231896347e-15	3.308625501538449e-15
0.39019963702359346642468239564428	6.48680318130553e-6	2.229753558874651e-11	0.000012975403442949132	1.3380617531583045e-10	2.6851432193747815e-15	3.314905134312296e-15
0.39201451905626134301270417422868	6.515049423892674e-6	2.2401202536867292e-11	0.000013033437664378402	1.3440800409442048e-10	2.7140858691829873e-15	3.3193769398016367e-15
0.39382940108892921960072595281307	6.543727954830615e-6	2.25023390004048e-11	0.00001308938232808143	1.3502460982776774e-10	2.699323356305635e-15	3.3128036462248614e-15
0.39564428312159709618874773139746	6.576390281860011e-6	2.2609258324913234e-11	0.000013149521093512514	1.3564123687339292e-10	2.6426350398236592e-15	3.3028038196013736e-15
0.39745916515426497277676950998185	6.608032199073347e-6	2.2714631953651555e-11	0.000013214344699545202	1.362766739593584e-10	2.6067812272376334e-15	3.3290229244060217e-15
0.39927404718693284936479128856624	6.638639133588255e-6	2.282069739126732e-11	0.000013277112765310925	1.369132541718957e-10	2.6242568053235252e-15	3.363634764857893e-15
0.40108892921960072595281306715064	6.668196706157425e-6	2.292134634841424e-11	0.000013337796239497502	1.37544320721677e-10	2.7180018086192154e-15	3.3933560969179483e-15
0.40290381125226860254083484573503	6.696690735703962e-6	2.302405537149444e-11	0.000013396366461721566	1.381439393984403e-10	2.7657045361929943e-15	3.411034227606129e-15
0.40471869328493647912885662431942	6.724288495183237e-6	2.3123424630892856e-11	0.000013452795171750034	1.3876339957504655e-10	2.773905090698769e-15	3.4254956643054337e-15
0.40653357531760435571687840290381	6.756770579554328e-6	2.3231211794885457e-11	0.000013509742745262718	1.3936392076764554e-10	2.7368119974984085e-15	3.434728497417148e-15
0.4083484573502722323049001814882	6.788753798041566e-6	2.333565283109327e-11	0.000013575289105421428	1.40010210816882e-10	2.706413310763011e-15	3.4563936925655704e-15
0.4101633393829401088929219600726	6.819676199612881e-6	2.344300037212773e-11	0.000013638728344742085	1.4064005066813144e-10	2.6988287258595546e-15	3.486679087690322e-15
0.41197822141560798548094373865699	6.849523345790666e-6	2.3544887200216354e-11	0.000013700031286617109	1.4127974354634384e-10	2.7819578957632375e-15	3.5165343888262874e-15
0.41379310344827586206896551724138	6.87828100063555e-6	2.3646458269566837e-11	0.000013759169154049456	1.4188606516636366e-10	2.851892433775566e-15	3.519807420121135e-15
0.41560798548094373865698729582577	6.9059351352375854e-6	2.3747482981410408e-11	0.00001381611357899221	1.424994290158455e-10	2.877258472487198e-15	3.5332968860771633e-15
0.41742286751361161524500907441016	6.9370296947348944e-6	2.3852640500131347e-11	0.000013871118045575856	1.4309921515296536e-10	2.8547112348104588e-15	3.534983232498898e-15
0.41923774954627949183303085299456	6.969369999446607e-6	2.3956985583454435e-11	0.000013935998837623434	1.4374068323931387e-10	2.813565558930828e-15	3.5566486792967875e-15
0.42105263157894736842105263157895	7.000623672780261e-6	2.4064741392809554e-11	0.0000140001408171451	1.4436459890870835e-10	2.7847726767620037e-15	3.592928501642415e-15
0.42286751361161524500907441016334	7.030776214154744e-6	2.4168362521343813e-11	0.000014062094831379865	1.4501220259782792e-10	2.8425510780212432e-15	3.602826098120778e-15
0.42468239564428312159709618874773	7.0598133298816615e-6	2.4268319456108233e-11	0.000014121831981107054	1.4562739817447194e-10	2.9326580621972125e-15	3.6326361728929475e-15
0.42649727767695099818511796733212	7.087720937760128e-6	2.4371124221082667e-11	0.000014179323784707778	1.4623247629329697e-10	2.9634579297973198e-15	3.641640482921895e-15
0.42831215970961887477313974591652	7.1171607595247774e-6	2.4473521423176506e-11	0.000014234542187223333	1.4684272116505776e-10	2.951653284592907e-15	3.646717658318473e-15
0.43012704174228675136116152450091	7.14987392845935e-6	2.4579729250026093e-11	0.000014296460170080694	1.4746785167325348e-10	2.915964935883876e-15	3.6784839883584765e-15
0.4319419237749546279491833030853	7.181474672471814e-6	2.4685983743093434e-11	0.000014361336443043283	1.480985428205793e-10	2.8869468699612625e-15	3.6966612433790346e-15
0.43375680580762250453720508166969	7.211948426117367e-6	2.4791423479627246e-11	0.000014423973123467158	1.487414989364425e-10	2.9214353370953535e-15	3.721554543962568e-15
0.43557168784029038112522686025408	7.24128083512804e-6	2.4891122717180053e-11	0.000014484341184181973	1.4936746198329932e-10	3.0043093326924515e-15	3.750696028082358e-15
0.43738656987295825771324863883848	7.269457761132315e-6	2.4994309266842086e-11	0.000014542412024353267	1.499623166634569e-10	3.036684694866366e-15	3.755323126555653e-15
0.43920145190562613430127041742287	7.2972814332488755e-6	2.509379437616216e-11	0.000014598157478688257	1.505835771130739e-10	3.028929516814653e-15	3.768215521545041e-15
0.44101633393829401088929219600726	7.3302587122925255e-6	2.520196668719712e-11	0.000014656659381472849	1.5119145679729474e-10	2.9991392544255856e-15	3.7899496597403836e-15
0.44283121597096188747731397459165	7.362222319741885e-6	2.5307029075551732e-11	0.000014722301486821872	1.518337677021214e-10	2.9613770511935297e-15	3.8170136550696195e-15
0.44464609800362976406533575317604	7.393033097744061e-6	2.5413981314132643e-11	0.00001478565241542383	1.5246770069091146e-10	2.963432689214095e-15	3.823488476591938e-15
0.44646098003629764065335753176044	7.422676628708825e-6	2.5514888804818433e-11	0.000014846683006534666	1.5310462753703118e-10	3.0568591340837928e-15	3.846946285683383e-15
0.44827586206896551724137931034483	7.451138715205929e-6	2.5616976921518733e-11	0.000014905364534414313	1.537053715132629e-10	3.1185232676930692e-15	3.8509969265908384e-15
0.45009074410163339382940108892922	7.478405384496118e-6	2.5716762728498603e-11	0.0000149616687177357	1.5432147410810767e-10	3.1129497898671636e-15	3.850690666219551e-15
0.45190562613430127041742286751361	7.5105174803538525e-6	2.582362579680038e-11	0.000015016950410183542	1.549132253539556e-10	3.0524630000272553e-15	3.860457518351087e-15
0.453720508166969147005444646098	7.542859737254536e-6	2.5927623998882705e-11	0.000015083022217079103	1.555657206422294e-10	3.0165632986531116e-15	3.8984000822767926e-15
0.4555353901996370235934664246824	7.574023346322366e-6	2.603597554427753e-11	0.000015147118963073124	1.5619330067765526e-10	2.979386631737625e-15	3.907709219679248e-15
0.45735027223230490018148820326679	7.603993823716173e-6	2.6138555592185566e-11	0.000015208843693699745	1.5683867932590414e-10	3.056104953203769e-15	3.911422738506738e-15
0.45916515426497277676950998185118	7.632756910173316e-6	2.6239105774402946e-11	0.000015268167552658658	1.5744712899073279e-10	3.1516321580224274e-15	3.941837547499562e-15
0.46098003629764065335753176043557	7.660298575443147e-6	2.6340787505773348e-11	0.00001532506213689244	1.5805624649696012e-10	3.1603315969036925e-15	3.931707784051738e-15
0.46279491833030852994555353901996	7.690643364538782e-6	2.644468742639884e-11	0.00001537949950443916	1.586591985679346e-10	3.10818398435444e-15	3.941038511590742e-15
0.46460980036297640653357531760436	7.723380049693732e-6	2.6550049883634472e-11	0.000015443484906967157	1.5929423003435785e-10	3.053967884645728e-15	3.980747234865658e-15
0.46642468239564428312159709618875	7.75491229050272e-6	2.6657430314294645e-11	0.000015508359025815867	1.5991924056965336e-10	3.0336363994763056e-15	4.0147822638398535e-15
0.46823956442831215970961887477314	7.785225534116975e-6	2.6761934789688992e-11	0.000015570809493857188	1.6056938767654276e-10	3.0542226075766198e-15	4.0048099337784304e-15
0.47005444646098003629764065335753	7.814305456535242e-6	2.68606643098516e-11	0.000015630807318528365	1.6118935453571806e-10	3.1649193142546226e-15	4.031100310913569e-15
0.47186932849364791288566243194192	7.842137967233518e-6	2.6964322174120253e-11	0.000015688323969359948	1.6178764630545662e-10	3.213374177683791e-15	4.018961764307017e-15
0.47368421052631578947368421052632	7.870629499237385e-6	2.706513300076839e-11	0.000015743331385756297	1.6240234693417069e-10	3.197600294081069e-15	4.024321376990994e-15
0.47549909255898366606170598911071	7.90377638376491e-6	2.7172563415845855e-11	0.000015803675834568716	1.630190219676413e-10	3.1295955459053956e-15	4.04880974707777e-15
0.4773139745916515426497277676951	7.935693050653888e-6	2.7278371205365683e-11	0.00001586935886703466	1.636563890762891e-10	3.096995746012427e-15	4.0867675641371136e-15
0.47912885662431941923774954627949	7.966364875121485e-6	2.7384828033943403e-11	0.000015932566658180976	1.6429651596685756e-10	3.1084589084679976e-15	4.070125629416698e-15
0.48094373865698729582577132486388	7.995777465628722e-6	2.7484753251501724e-11	0.00001599327007351274	1.649285109908975e-10	3.218392400895522e-15	4.091984291860037e-15
0.48275862068965517241379310344828	8.023916668477236e-6	2.7587351005567595e-11	0.000016051440449481774	1.65523055053858e-10	3.3122656137332224e-15	4.0993536973708725e-15
0.48457350272232304900181488203267	8.051018573967357e-6	2.7685738160269758e-11	0.00001610704960113618	1.6614239915150966e-10	3.3011876583396946e-15	4.088164040073912e-15
0.48638838475499092558983666061706	8.084041868484715e-6	2.7794521898443635e-11	0.000016163581283259514	1.6673985498377727e-10	3.246884759124163e-15	4.108027517274184e-15
0.48820326678765880217785843920145	8.116358748860037e-6	2.7899189230422523e-11	0.00001623010475439125	1.6739013132756968e-10	3.190910716208997e-15	4.158325751561759e-15
0.49001814882032667876588021778584	8.147404963154058e-6	2.8007135064961307e-11	0.000016294101441135626	1.6802190547286127e-10	3.162565835326805e-15	4.163240179619444e-15
0.49183303085299455535390199637024	8.177166049481722e-6	2.810852117041802e-11	0.0000163555420614411	1.6866440088777784e-10	3.2556977623795516e-15	4.1681101338718585e-15
0.49364791288566243194192377495463	8.205627788126697e-6	2.820980846635621e-11	0.00001641439781291036	1.692670350820096e-10	3.3673012944358807e-15	4.177446635438332e-15
0.49546279491833030852994555353902	8.232776206082494e-6	2.8310201100957332e-11	0.00001647064038061744	1.6987913166235788e-10	3.386333802621636e-15	4.177962276797577e-15
0.49727767695099818511796733212341	8.26416963534865e-6	2.841585279043189e-11	0.00001652464723306558	1.704738519582782e-10	3.347158561955421e-15	4.1842052945243566e-15
0.4990925589836660617059891107078	8.296902509195503e-6	2.8520188428389625e-11	0.00001659058296020269	1.711202272359341e-10	3.2899098738534793e-15	4.244513233891911e-15
0.5009074410163339382940108892922	8.328338916171261e-6	2.8628841308288972e-11	0.000016655400100906256	1.7174495178762097e-10	3.24481207956542e-15	4.2688569933614936e-15
0.50272232304900181488203266787659	8.358464321162548e-6	2.873228266685052e-11	0.00001671760952882146	1.7239679994246326e-10	3.3015668628744197e-15	4.260633124563945e-15
0.50453720508166969147005444646098	8.387264435644137e-6	2.8831637348297467e-11	0.00001677718229703746	1.7300980200026732e-10	3.426506920563426e-15	4.2813308329293635e-15
0.50635208711433756805807622504537	8.414725222092299e-6	2.8934136944390128e-11	0.000016834089955003436	1.7361230956513537e-10	3.4813319759079747e-15	4.2821656885211594e-15
0.50816696914700544464609800362976	8.444152818455423e-6	2.9036509607803136e-11	0.000016888304557446328	1.7421951603351446e-10	3.4641100460427828e-15	4.286788491804239e-15
0.50998185117967332123411978221416	8.477317457872764e-6	2.914303830588397e-11	0.000016950779761742685	1.7484643439953081e-10	3.4001402482323402e-15	4.338741819533703e-15
0.51179673321234119782214156079855	8.509159853746028e-6	2.924989089021569e-11	0.000017016448899673592	1.754778938729413e-10	3.3435786358597413e-15	4.367160838946761e-15
0.51361161524500907441016333938294	8.539665394903645e-6	2.935549603895554e-11	0.00001707945872524061	1.7612538838739752e-10	3.3758261271178898e-15	4.377673539739063e-15
0.51542649727767695099818511796733	8.568819721113812e-6	2.945435920218523e-11	0.000017139780141366648	1.7675116600166744e-10	3.497338855524453e-15	4.388246420205389e-15
0.51724137931034482758620689655172	8.596608727571974e-6	2.955753135189419e-11	0.000017197384556181564	1.7734165149752322e-10	3.567656667146409e-15	4.391074597972343e-15
0.51905626134301270417422867513612	8.624096362017789e-6	2.9656474914968145e-11	0.00001725224389174017	1.7796189446508338e-10	3.553533358633927e-15	4.378786705161646e-15
0.52087114337568058076225045372051	8.6575967234585e-6	2.976530171484148e-11	0.000017310681441614283	1.7856846543824923e-10	3.5024280022494084e-15	4.440331243585935e-15
0.5226860254083484573502722323049	8.689860897380411e-6	2.9870707056578285e-11	0.00001737723410394288	1.792135951295886e-10	3.4479964854774307e-15	4.493226618552442e-15
0.52450090744101633393829401088929	8.72076238633422e-6	2.997813072635098e-11	0.000017441075903677035	1.798501368253946e-10	3.4424238319207897e-15	4.505867149414488e-15
0.52631578947368421052631578947368	8.750286755590948e-6	3.0078435852939355e-11	0.0000175021775878383	1.8048910682915915e-10	3.5470364516587678e-15	4.501594019893766e-15
0.52813067150635208711433756805808	8.778419830196496e-6	3.018030992202995e-11	0.000017560510417612694	1.8108535880140793e-10	3.64100437063581e-15	4.501312343880977e-15
0.52994555353901996370235934664247	8.805147699509933e-6	3.027925425445912e-11	0.000017616046176630535	1.817008115560523e-10	3.6400968864979016e-15	4.488045755709457e-15
0.53176043557168784029038112522686	8.837733436896649e-6	3.03868962134417e-11	0.000017670632148752725	1.8228633273158503e-10	3.597324013981537e-15	4.500129130445941e-15
0.53357531760435571687840290381125	8.870435170378261e-6	3.049104343473017e-11	0.00001773774198503973	1.8294552545806878e-10	3.5260061849749164e-15	4.562154071188231e-15
0.53539019963702359346642468239564	8.901748412442286e-6	3.060010988729043e-11	0.000017802447320886007	1.8357456992880992e-10	3.5053043472779546e-15	4.5950900129227725e-15
0.53720508166969147005444646098004	8.93165865100822e-6	3.070232949554022e-11	0.000017864360881194547	1.8422338976402048e-10	3.58262372939714e-15	4.5974103986116985e-15
0.53901996370235934664246823956443	8.96015163813503e-6	3.080244899742315e-11	0.000017923453774473862	1.8482861810431077e-10	3.675402655650846e-15	4.613105001792129e-15
0.54083484573502722323049001814882	8.987213394563144e-6	3.09036285277552e-11	0.000017979697640299586	1.8543600985292273e-10	3.695976212827164e-15	4.598235453034492e-15
0.54264972776769509981851179673321	9.017720731897498e-6	3.1007797542008706e-11	0.000018033064659642774	1.8603476001600197e-10	3.675435943763687e-15	4.5947749149732215e-15
0.5444646098003629764065335753176	9.050875798410583e-6	3.1113274331564536e-11	0.000018097958819273672	1.8667335180595417e-10	3.617525515737722e-15	4.667389621692793e-15
0.546279491833030852994555353902	9.082616592122809e-6	3.1221436144110106e-11	0.00001816355923762993	1.8729800347507736e-10	3.551718249611122e-15	4.714677301925473e-15
0.54809437386569872958257713248639	9.11292852067625e-6	3.132592972271301e-11	0.00001822631626918551	1.8795373858266254e-10	3.578172917194851e-15	4.708024810651096e-15
0.54990925589836660617059891107078	9.14179726035601e-6	3.142393751620199e-11	0.000018286200864082055	1.8857238236852002e-10	3.672175638180671e-15	4.713823740561765e-15
0.55172413793103448275862068965517	9.16920876045775e-6	3.152744138368626e-11	0.00001834318451215025	1.8916727452303534e-10	3.737273561420478e-15	4.690797567341312e-15
0.55353901996370235934664246823956	9.1975517449529e-6	3.162800043652723e-11	0.00001839723925337149	1.897798024664016e-10	3.722081222978089e-15	4.6698293311801135e-15
0.55535390199637023593466424682396	9.231175909424322e-6	3.1735908275091496e-11	0.000018457870888373786	1.9039690893314186e-10	3.663082197839709e-15	4.7122948554577135e-15
0.55716878402903811252268602540835	9.263360045930118e-6	3.184215870905057e-11	0.00001852439791926988	1.9103596921201442e-10	3.6063296001839194e-15	4.7863625249500315e-15
0.55898366606170598911070780399274	9.294089479134054e-6	3.194893188723787e-11	0.000018588030003201792	1.9167992847885366e-10	3.5778669585365365e-15	4.787127267836078e-15
0.56079854809437386569872958257713	9.323349806626384e-6	3.2048141020896917e-11	0.00001864873792632674	1.923126464231036e-10	3.68525974177634e-15	4.81143318954131e-15
0.56261343012704174228675136116152	9.351126903413895e-6	3.215062561986634e-11	0.000018706493023088653	1.9290185466746424e-10	3.7769881418424606e-15	4.789350639589079e-15
0.56442831215970961887477313974592	9.377736542953102e-6	3.224798355765165e-11	0.000018761267186791957	1.9352117470250936e-10	3.776168694645198e-15	4.775712907043977e-15
0.56624319419237749546279491833031	9.41132863378384e-6	3.2357832607508985e-11	0.00001881746447978634	1.9411592586273769e-10	3.7260669131325075e-15	4.803370345384825e-15
0.5680580762250453720508166969147	9.443971896517354e-6	3.246273334930947e-11	0.000018884949635787054	1.9476993202306069e-10	3.672349540331049e-15	4.8741795298424494e-15
0.56987295825771324863883847549909	9.475134642507438e-6	3.257126615337213e-11	0.000018949488338333693	1.954038866675507e-10	3.6278633207391744e-15	4.8983458532539025e-15
0.57168784029038112522686025408348	9.504802387808282e-6	3.2672122484692625e-11	0.000019011051203933574	1.960490689049751e-10	3.704835663008481e-15	4.909387313123529e-15
0.57350272232304900181488203266788	9.53296093032366e-6	3.277313333749431e-11	0.000019069609405971015	1.9664781138225102e-10	3.816325806779422e-15	4.904142962805088e-15
0.57531760435571687840290381125227	9.559596354239451e-6	3.2872840425107274e-11	0.000019125134685409127	1.9725867610470213e-10	3.850065872954814e-15	4.869722309770038e-15
0.57713248638838475499092558983666	9.591327104686962e-6	3.297904903480375e-11	0.000019178150963847128	1.9784799958591985e-10	3.8228300196024494e-15	4.885444557636415e-15
0.57894736842105263157894736842105	9.624445268813435e-6	3.3083319578708294e-11	0.00001924520066239769	1.9849969328688413e-10	3.762186487480542e-15	4.971750310168803e-15
0.58076225045372050816696914700544	9.656057128692351e-6	3.319292870997433e-11	0.000019310677533883882	1.991254298450743e-10	3.722653734089312e-15	5.02460407847376e-15
0.58257713248638838475499092558984	9.686148116043968e-6	3.329617169988176e-11	0.00001937312694282306	1.9978136974535424e-10	3.775278970726569e-15	5.0165994533851935e-15
0.58439201451905626134301270417423	9.714703948815752e-6	3.3394981141448085e-11	0.00001943251989584068	2.0039196697717085e-10	3.8722013674683085e-15	5.0318803369150695e-15
0.58620689655172413793103448275862	9.741710635606772e-6	3.349710043928153e-11	0.000019488827975866932	2.0099205946937402e-10	3.912266846624041e-15	4.991849373228351e-15
0.58802177858439201451905626134301	9.771164458126657e-6	3.359950504122072e-11	0.00001954202335141799	2.0159589971003589e-10	3.909855196917715e-15	4.9923992842732e-15
0.5898366606170598911070780399274	9.804773290065817e-6	3.370632790447856e-11	0.000019605137279742417	2.0222499204896665e-10	3.847456729825363e-15	5.051450493082865e-15
0.5916515426497277676950998185118	9.836850057435633e-6	3.381382895771728e-11	0.000019671583853657853	2.0285701037019117e-10	3.790816655935302e-15	5.120397390023584e-15
0.59346642468239564428312159709619	9.867380104852357e-6	3.391956144765676e-11	0.000019734951392404035	2.035093480151481e-10	3.814823714455272e-15	5.1465591398690506e-15
0.59528130671506352087114337568058	9.896349067411501e-6	3.4017566837616504e-11	0.000019795210730276984	2.0413476501575247e-10	3.921117434548666e-15	5.155355072659154e-15
0.59709618874773139745916515426497	9.923742875314164e-6	3.41207171157147e-11	0.00001985233328645864	2.047210903599143e-10	3.9943717519574194e-15	5.131452436526185e-15
0.59891107078039927404718693284936	9.950922035461434e-6	3.421917534762101e-11	0.00001990629107452889	2.0533997886804043e-10	3.9994075573278336e-15	5.115783457995404e-15
0.60072595281306715063520871143376	9.984949090038837e-6	3.432862136461629e-11	0.000019964745774324268	2.059455972218729e-10	3.944615605532318e-15	5.165779958566299e-15
0.60254083484573502722323049001815	0.000010017506550588258	3.4434399708660815e-11	0.000020032193566315256	2.065933132018256e-10	3.88350886795697e-15	5.24054379026794e-15
0.60435571687840290381125226860254	0.000010048491469341414	3.454227087527029e-11	0.000020096510806099742	2.0723276538868414e-10	3.87927872246004e-15	5.259549433109887e-15
0.60617059891107078039927404718693	0.000010077889395776296	3.4641966110837065e-11	0.00002015766814988312	2.078735444517152e-10	3.977454991422299e-15	5.273328627201379e-15
0.60798548094373865698729582577132	0.000010105686178832434	3.474364370744259e-11	0.000020215636847479247	2.0846515351982267e-10	4.071122969623532e-15	5.259330393122507e-15
0.60980036297640653357531760435572	0.00001013190896729783	3.484170093569755e-11	0.000020270388751837708	2.0908002093668555e-10	4.101826757010857e-15	5.235512521686474e-15
0.61161524500907441016333938294011	0.000010164965801290033	3.4950186422066636e-11	0.000020324338029351123	2.0966129119616048e-10	4.055923483278307e-15	5.2590625067711184e-15
0.6134301270417422867513611615245	0.00001019801973218858	3.505449853393198e-11	0.000020392492945710795	2.103252157735155e-10	3.991036057341423e-15	5.343143617073944e-15
0.61524500907441016333938294010889	0.000010229475326367584	3.5164270277712333e-11	0.0000204577914413997	2.1095590846661212e-10	3.976534683375564e-15	5.375332945528475e-15
0.61705989110707803992740471869328	0.000010259318044825303	3.526611510450746e-11	0.00002051987839842143	2.1160806296125337e-10	4.0383654649553176e-15	5.350972463047444e-15
0.61887477313974591651542649727768	0.000010287533652401347	3.536583447914195e-11	0.000020578724891435135	2.1221009081545266e-10	4.176090303609767e-15	5.36004568053266e-15
0.62068965517241379310344827586207	0.000010314108222186729	3.546643835285514e-11	0.000020634302607133805	2.128157626612201e-10	4.224760095605754e-15	5.3368257226055685e-15
0.62250453720508166969147005444646	0.000010344816559299982	3.557092249426925e-11	0.00002068658385272617	2.13409987774556e-10	4.195107604730853e-15	5.358011463271243e-15
0.62431941923774954627949183303085	0.000010378382728792978	3.567652471201923e-11	0.000020752468271281645	2.1405250471123447e-10	4.1054497751311676e-15	5.433469015271456e-15
0.62613430127041742286751361161525	0.000010410324794786945	3.578548506841483e-11	0.000020818779560570552	2.1467653516557126e-10	4.08016521973215e-15	5.494758504462062e-15
0.62794918330308529945553539019964	0.000010440628126973345	3.588994132786831e-11	0.000020881827723355167	2.153381062446307e-10	4.1085511089753035e-15	5.4679977564826066e-15
0.62976406533575317604355716878403	0.00001046927840321664	3.598723945406257e-11	0.00002094158365360551	2.1595526051714836e-10	4.2328269015235866e-15	5.466839245321633e-15
0.63157894736842105263157894736842	0.000010496261614096171	3.6090516373648225e-11	0.00002099801886594553	2.1654701712776929e-10	4.3247728430785776e-15	5.452013093749011e-15
0.63339382940108892921960072595281	0.00001052449450252844	3.619085038100981e-11	0.000021051105504512423	2.1715702330937907e-10	4.314522596445773e-15	5.455243104969914e-15
0.63520871143375680580762250453721	0.000010558588669418459	3.6299198537783173e-11	0.000021112105828349434	2.1777493649068353e-10	4.232129689404082e-15	5.509401980809391e-15
0.6370235934664246823956442831216	0.000010591032995467767	3.640592324100576e-11	0.000021179461430626437	2.1841540437376592e-10	4.14897270058523e-15	5.557196850229905e-15
0.63883847549909255898366606170599	0.000010621812756175001	3.651303082401681e-11	0.000021243502376050085	2.1906341708573034e-10	4.158420124289428e-15	5.5619849177188994e-15
0.64065335753176043557168784029038	0.00001065091353965279	3.661147831665101e-11	0.00002130419937209316	2.1969669177456498e-10	4.2662706475558814e-15	5.553259594126871e-15
0.64246823956442831215970961887477	0.000010678321251033655	3.67138488911912e-11	0.0000213615237557234	2.2028049667788577e-10	4.3814407343426386e-15	5.5541569237698496e-15
0.64428312159709618874773139745917	0.000010704442209355957	3.6810112213597964e-11	0.000021415447502264785	2.2089989362423497e-10	4.397284732681385e-15	5.544053126182109e-15
0.64609800362976406533575317604356	0.000010738630685988114	3.692110517991535e-11	0.000021471391908411077	2.2149231883468457e-10	4.330729252702984e-15	5.575393050648833e-15
0.64791288566243194192377495462795	0.000010771593051622189	3.7026305441668254e-11	0.000021539823323943566	2.221497414333128e-10	4.237657596118986e-15	5.639066540313706e-15
0.64972776769509981851179673321234	0.000010802865048235552	3.713539521520514e-11	0.00002160488861217714	2.2278597108542547e-10	4.204063409275538e-15	5.634965610529561e-15
0.65154264972776769509981851179673	0.000010832432171294777	3.7235689990535405e-11	0.000021666558288456313	2.234337128579356e-10	4.29268920234095e-15	5.632488754519984e-15
0.65335753176043557168784029038113	0.000010860280237694252	3.733645302935675e-11	0.00002172480350639924	2.240284783559717e-10	4.439129035943531e-15	5.634260466363617e-15
0.65517241379310344827586206896552	0.000010886395390253406	3.74353852137493e-11	0.00002177959606682481	2.2463830135304767e-10	4.494689696614745e-15	5.634671357519102e-15
0.65698729582577132486388384754991	0.000010918501913194464	3.754219350145958e-11	0.000021831628802806073	2.252219562337577e-10	4.44641831662616e-15	5.6402923635477145e-15
0.6588021778584392014519056261343	0.000010951998088829186	3.7646389721716077e-11	0.000021899851518581952	2.2587928505638008e-10	4.351247202051459e-15	5.7015755130624344e-15
0.66061705989110707803992740471869	0.000010983778120866219	3.7756957174100486e-11	0.000021965972692164844	2.2650613754158192e-10	4.277362651983449e-15	5.7273359328901935e-15
0.66243194192377495462794918330309	0.000011013827409279676	3.785998793958984e-11	0.000022028646647992345	2.27166041576024e-10	4.322665800169469e-15	5.7365967238557115e-15
0.66424682395644283121597096188748	0.000011042131679857052	3.795825101191031e-11	0.000022087844350632035	2.277740069996351e-10	4.465791831199988e-15	5.740845955911197e-15
0.66606170598911070780399274047187	0.000011068676988746236	3.805995891351943e-11	0.00002214353742069613	2.2837198776449586e-10	4.554620895123422e-15	5.737271236544849e-15
0.66787658802177858439201451905626	0.000011098195488999293	3.816245256119963e-11	0.000022195698142718593	2.2897217127612528e-10	4.534532536256147e-15	5.733537161356496e-15
0.66969147005444646098003629764065	0.000011132241235437179	3.8269517566780756e-11	0.000022259532298443673	2.2960378649110679e-10	4.448334133405112e-15	5.81652458993835e-15
0.67150635208711433756805807622505	0.000011164545094019254	3.837770696511557e-11	0.00002232674088131654	2.302360546338198e-10	4.370014952554765e-15	5.85779955515349e-15
0.67332123411978221415607985480944	0.000011195092366400285	3.8483545408018305e-11	0.000022390450699898498	2.3089345060490757e-10	4.367098403656233e-15	5.860136776476206e-15
0.67513611615245009074410163339383	0.00001122386868448829	3.858064940568391e-11	0.00002245063252401315	2.3151828064208877e-10	4.4947997733651895e-15	5.862794849987113e-15
0.67695099818511796733212341197822	0.000011250860014824445	3.868379378933254e-11	0.00002250725778844273	2.3210073658104624e-10	4.615049223951003e-15	5.838979834927513e-15
0.67876588021778584392014519056261	0.000011277758260727015	3.8781807079797813e-11	0.000022560298600586556	2.3271802260294124e-10	4.637282897269335e-15	5.848047307392363e-15
0.68058076225045372050816696914701	0.000011312315622488055	3.889184245446353e-11	0.000022618851953846008	2.33323027496734e-10	4.579741197324994e-15	5.9279698423856124e-15
0.6823956442831215970961887477314	0.000011345159089874675	3.899800482346973e-11	0.000022687179450335916	2.3397300183514614e-10	4.471934695154924e-15	5.98757447896764e-15
0.68421052631578947368421052631579	0.000011376220157289815	3.910632526158036e-11	0.000022751956697780295	2.34615742884401e-10	4.446540020272708e-15	5.982297553169344e-15
0.68602540834845735027223230490018	0.000011405484359815048	3.9205353459300325e-11	0.000022813154265638116	2.35257931583075e-10	4.54756727429821e-15	5.989912358300596e-15
0.68784029038112522686025408348457	0.000011432937571645841	3.9306858692815733e-11	0.000022870743397120984	2.3584476532307763e-10	4.704571157435549e-15	5.987085970481693e-15
0.68965517241379310344827586206897	0.000011458659380660271	3.9403967926043666e-11	0.000022924696016797954	2.3645922312773364e-10	4.7351413774149805e-15	5.996978560692476e-15
0.69147005444646098003629764065336	0.000011492214383990808	3.951336301789691e-11	0.000022978067617596227	2.3703675924306225e-10	4.6865594781969695e-15	6.057120793095091e-15
0.69328493647912885662431941923775	0.000011525613233136285	3.961786884210094e-11	0.000023047274675641944	2.3770497237152886e-10	4.5939827657649285e-15	6.12611414184921e-15
0.69509981851179673321234119782214	0.000011557203898532388	3.972831088973251e-11	0.000023113150900080877	2.3833742754120496e-10	4.554590683664392e-15	6.107940600762916e-15
0.69691470054446460980036297640653	0.00001158697181565302	3.9829757117148596e-11	0.000023175395818404573	2.389927511292736e-10	4.6099766135008896e-15	6.1067468181243206e-15
0.69872958257713248638838475499093	0.000011614902763444595	3.992911837140853e-11	0.000023233980476620493	2.3959142662557574e-10	4.747143111480911e-15	6.090295589581884e-15
0.70054446460980036297640653357532	0.000011640982868806293	4.002912848117961e-11	0.000023288876610772593	2.401955896698853e-10	4.8217829412685454e-15	6.105137198529854e-15
0.70235934664246823956442831215971	0.000011671930657180493	4.0133984014745374e-11	0.000023340102750229756	2.4078498939909084e-10	4.783918145439687e-15	6.142688857202078e-15
0.7041742286751361161524500907441	0.000011705900651171927	4.023960721912004e-11	0.000023407012839691548	2.414317739593632e-10	4.710794057783583e-15	6.221553788324329e-15
0.70598911070780399274047186932849	0.000011738036708939115	4.0349435177901765e-11	0.00002347401957022018	2.420549030378912e-10	4.639005710373036e-15	6.239672646659807e-15
0.70780399274047186932849364791289	0.00001176832416348227	4.0453807593405594e-11	0.00002353734342927324	2.427225151757414e-10	4.667838528396094e-15	6.221275945588999e-15
0.70961887477313974591651542649728	0.000011796748695675613	4.055049226083597e-11	0.000023596955259891966	2.4333796153534815e-10	4.796864340572809e-15	6.1955818196282675e-15
0.71143375680580762250453720508167	0.000011823296338709897	4.0653507944098e-11	0.00002365282660399115	2.439268520596343e-10	4.894641190913172e-15	6.198143071557696e-15
0.71324863883847549909255898366606	0.000011851457582556385	4.075370197158001e-11	0.000023704929713209317	2.445341105491583e-10	4.881898071667443e-15	6.219644775082021e-15
0.71506352087114337568058076225045	0.000011886014474206238	4.086242064256178e-11	0.00002376638023125529	2.4515316272246206e-10	4.81807632491524e-15	6.302236492809839e-15
0.71687840290381125226860254083485	0.000011918711709673555	4.096963757401533e-11	0.000023834548977062708	2.4579475267339775e-10	4.711859378043747e-15	6.345511856407727e-15
0.71869328493647912885662431941924	0.000011949534516691829	4.107705629339879e-11	0.000023898983349629474	2.464470211698061e-10	4.706509630526606e-15	6.316628878912583e-15
0.72050816696914700544464609800363	0.000011978468475190425	4.1174731341359424e-11	0.000023959653983421025	2.4708057568703214e-10	4.801837754775853e-15	6.284616272227366e-15
0.72232304900181488203266787658802	0.00001200549952182099	4.127706423411392e-11	0.000024016532220538252	2.476588220117009e-10	4.945186832921176e-15	6.2655451229510075e-15
0.72413793103448275862068965517241	0.000012031219743161571	4.1372457082582176e-11	0.000024069590121435312	2.4827846949129215e-10	4.9667150059700525e-15	6.305860956703724e-15
0.72595281306715063520871143375681	0.000012065947835439464	4.1484339831083696e-11	0.00002412536314595281	2.488689197514435e-10	4.9106531776772216e-15	6.366684088849832e-15
0.7277676950998185117967332123412	0.000012099222024430376	4.158983012703494e-11	0.0000241947253952155	2.495294975769937e-10	4.801047457843413e-15	6.437100731846316e-15
0.72958257713248638838475499092559	0.000012130595990663672	4.169947600531093e-11	0.000024260301835671696	2.501681120855257e-10	4.7621206453553046e-15	6.389194779473082e-15
0.73139745916515426497277676950998	0.000012160055210335693	4.179923615267788e-11	0.000024322062887467866	2.5081819615839137e-10	4.809426615469777e-15	6.382097885740039e-15
0.73321234119782214156079854809437	0.000012187585520711	4.18997863317852e-11	0.000024379979687247574	2.514088198374135e-10	4.9512220073020236e-15	6.359030062999034e-15
0.73502722323049001814882032667877	0.000012213173124621177	4.1997930600794557e-11	0.000024434024098588014	2.5201778834966694e-10	4.997141918016212e-15	6.347400757220606e-15
0.73684210526315789473684210526316	0.000012245693871330482	4.210539089680488e-11	0.00002448508031814549	2.5259548578507395e-10	4.96315029375882e-15	6.387741682699865e-15
0.73865698729582577132486388384755	0.000012279560779573614	4.2209423051163026e-11	0.00002455453510544859	2.532588550361801e-10	4.8738897936202334e-15	6.489506908977636e-15
0.74047186932849364791288566243194	0.000012311501703034199	4.232100153664433e-11	0.000024621285148781696	2.53886905144e-10	4.807557623863539e-15	6.474714330648973e-15
0.74228675136116152450090744101633	0.000012341502011251929	4.2423752739946463e-11	0.000024684168216552727	2.545505723618899e-10	4.8272922913366065e-15	6.451184752526e-15
0.74410163339382940108892921960073	0.00001236954743927241	4.25215755718553e-11	0.000024743155234289724	2.55155698761356e-10	4.956552482510425e-15	6.424033492049631e-15
0.74591651542649727767695099818512	0.000012395624092089198	4.262284746607091e-11	0.00002479821786300401	2.5575181044127565e-10	5.0555724360938004e-15	6.4222830126703874e-15
0.74773139745916515426497277676951	0.000012425245721607094	4.272546719179387e-11	0.00002484932850823692	2.563481060345014e-10	5.047251433249319e-15	6.4707929691499375e-15
0.7495462794918330308529945553539	0.00001245972110438821	4.283271520315739e-11	0.000024913964394959646	2.569826160694286e-10	4.9720547170338064e-15	6.5525668878409544e-15
0.75136116152450090744101633393829	0.000012492244773809825	4.294161128067476e-11	0.000024981919555795187	2.5761484791289215e-10	4.881847829091878e-15	6.588191847515449e-15
0.75317604355716878402903811252269	0.00001252280198995196	4.304751940976032e-11	0.000025045956219672245	2.5827748859214754e-10	4.871615192752975e-15	6.554591796941644e-15
0.75499092558983666061705989110708	0.000012551378382776865	4.314371314883358e-11	0.00002510604509531991	2.589014659951181e-10	4.9519937177562646e-15	6.506346431006863e-15
0.75680580762250453720508166969147	0.000012577959956623412	4.3246946651586286e-11	0.000025162157635490023	2.594803300611188e-10	5.106318282067854e-15	6.490455731566029e-15
0.75862068965517241379310344827586	0.000012604604844946262	4.334458137734887e-11	0.00002521426604667117	2.600957960283443e-10	5.145619786957461e-15	6.53194280695038e-15
0.76043557168784029038112522686025	0.000012639696131164071	4.3455136624424816e-11	0.000025272999557718687	2.607005971516241e-10	5.094920253125203e-15	6.606930802397598e-15
0.76225045372050816696914700544465	0.000012672818325535246	4.3561695980620243e-11	0.000025342191329376508	2.6135254299304027e-10	5.001106600612555e-15	6.671594904645576e-15
0.76406533575317604355716878402904	0.000012703948260506818	4.3670417231035724e-11	0.000025407413150641942	2.6199872942633665e-10	4.9530418999894444e-15	6.640605339763565e-15
0.76588021778584392014519056261343	0.000012733071458107896	4.376877940478623e-11	0.000025468635507889162	2.6264206823874435e-10	5.005565187481638e-15	6.616891775277854e-15
0.76769509981851179673321234119782	0.000012760173819118746	4.387017853045368e-11	0.00002552582963984851	2.632239794223933e-10	5.161624247009012e-15	6.592599330956286e-15
0.76950998185117967332123411978221	0.000012785398246617267	4.396629641422055e-11	0.00002557896754829859	2.638382703261579e-10	5.23563075687642e-15	6.623202765134868e-15
0.77132486388384754990925589836661	0.000012819478995422726	4.407663230541078e-11	0.000025631820482809155	2.644125035368077e-10	5.200707290915386e-15	6.6849944378811044e-15
0.773139745916515426497277676951	0.000012853215483502007	4.41813357075882e-11	0.000025702086748375917	2.6508473037741295e-10	5.106678127328021e-15	6.773337489294356e-15
0.77495462794918330308529945553539	0.000012884933939224867	4.4292413806892315e-11	0.000025768525268588077	2.657190448981991e-10	5.036231195954169e-15	6.760656659818347e-15
0.77676950998185117967332123411978	0.000012914619773848308	4.439339498280669e-11	0.00002583091271382351	2.663773185058476e-10	5.0565743513106246e-15	6.722996606385595e-15
0.77858439201451905626134301270417	0.000012942258781760866	4.4492472420805116e-11	0.00002588922010314515	2.669724748973594e-10	5.20693556068848e-15	6.699275636835161e-15
0.78039927404718693284936479128857	0.000012967837144979216	4.4591839392513156e-11	0.00002594341922787862	2.675753050537981e-10	5.321654858322025e-15	6.716492565016263e-15
0.78221415607985480943738656987296	0.000012999062836065985	4.4697131090712965e-11	0.000025993644224958156	2.6815971598991036e-10	5.311887747373609e-15	6.792978007049232e-15
0.78402903811252268602540834845735	0.000013033429375946104	4.480274233274968e-11	0.000026061592098218413	2.6881116936076166e-10	5.229183047118905e-15	6.892259695408277e-15
0.78584392014519056261343012704174	0.000013065752144913322	4.491343312773272e-11	0.00002612927883816719	2.6943421384902505e-10	5.133934508256007e-15	6.900995525402091e-15
0.78765880217785843920145190562613	0.000013096016440622153	4.501769194273723e-11	0.000026192862959541593	2.701069540669544e-10	5.109272837600448e-15	6.852007565310098e-15
0.78947368421052631578947368421053	0.000013124207948234072	4.5113788361625776e-11	0.00002625231525606123	2.707204062664687e-10	5.217226402177046e-15	6.808119413722457e-15
0.79128856624319419237749546279492	0.00001315031274493587	4.521651638999706e-11	0.000026307607302927433	2.7130669374623364e-10	5.362230271123774e-15	6.812460334531774e-15
0.79310344827586206896551724137931	0.000013178440795650062	4.531662928854337e-11	0.0000263587114581915	2.719110172319658e-10	5.381774347134162e-15	6.8833982935842614e-15
0.7949183303085299455535390199637	0.000013213453134211547	4.542565983216171e-11	0.000026420693671168443	2.7253162215919397e-10	5.314396269530168e-15	6.97646762308849e-15
0.79673321234119782214156079854809	0.000013246395998942937	4.553345145406972e-11	0.000026489660129919945	2.731740424937715e-10	5.226511462944419e-15	7.03000819885479e-15
0.79854809437386569872958257713249	0.000013277254571103145	4.5641074563005914e-11	0.00002655447249640445	2.7383075057126164e-10	5.183774768718687e-15	6.95620963574036e-15
0.80036297640653357531760435571688	0.000013306014423788184	4.573794461184712e-11	0.000026615101333290512	2.744643068246253e-10	5.258571911137374e-15	6.908562378876181e-15
0.80217785843920145190562613430127	0.000013332661526486004	4.584026647192842e-11	0.000026671517993944053	2.750368343089897e-10	5.4038601392357975e-15	6.893095718559902e-15
0.80399274047186932849364791288566	0.000013358030323601792	4.5935068152870326e-11	0.000026723694623201404	2.756569588432405e-10	5.481515408801243e-15	6.952600436531434e-15
0.80580762250453720508166969147005	0.000013393279892841689	4.6047622050770015e-11	0.00002677937776669447	2.7624586541406706e-10	5.4316491136570566e-15	7.023544651835796e-15
0.80762250453720508166969147005445	0.00001342685862546658	4.615338510311405e-11	0.000026849655420687853	2.7690930624848757e-10	5.339370965126468e-15	7.126461516600497e-15
0.80943738656987295825771324863884	0.000013458327280301962	4.626352592118831e-11	0.00002691572758101335	2.775504201244315e-10	5.2762632396426165e-15	7.060343051841463e-15
0.81125226860254083484573502722323	0.000013487671315525557	4.636271773235478e-11	0.000026977564573795025	2.782026469577381e-10	5.297956839818471e-15	6.9767486722170784e-15
0.81306715063520871143375680580762	0.000013514876590081394	4.646307456685623e-11	0.000027035137524770595	2.787889583727893e-10	5.459961640638893e-15	6.956175794728126e-15
0.81488203266787658802177858439201	0.00001353992936816889	4.656041696197164e-11	0.000027088418359928	2.7939725805207256e-10	5.549144271787502e-15	6.995841786561891e-15
0.81669691470054446460980036297641	0.000013572902789808523	4.666859336379834e-11	0.000027138677646916645	2.799688118405889e-10	5.536482677946301e-15	7.068802267536734e-15
0.8185117967332123411978221415608	0.000013607133151595065	4.6772414273901474e-11	0.000027209250993888135	2.806386091977961e-10	5.423329978743948e-15	7.177777521989605e-15
0.82032667876588021778584392014519	0.000013639227685676575	4.688502293577485e-11	0.0000272766144757374	2.8126798720914027e-10	5.342365020201112e-15	7.162636651725306e-15
0.82214156079854809437386569872958	0.000013669171732509473	4.698748072134644e-11	0.000027339691221274314	2.819351877213567e-10	5.331504953379752e-15	7.09488060067411e-15
0.82395644283121597096188747731397	0.000013696951037677762	4.7084872270453644e-11	0.000027398452122974473	2.825371760666613e-10	5.442650296652228e-15	7.0408392042485835e-15
0.82577132486388384754990925589837	0.000013722551756400016	4.718567948523864e-11	0.000027452868882350178	2.831316782811143e-10	5.564288501061441e-15	7.0567001713534846e-15
0.82758620689655172413793103448276	0.00001375231496672933	4.728850616943057e-11	0.000027502914022954853	2.837238999016374e-10	5.5815253442361174e-15	7.140332294423806e-15
0.82940108892921960072595281306715	0.000013787212707543147	4.7395883798051345e-11	0.00002756843313989151	2.843617527373134e-10	5.506024115191073e-15	7.249900104857903e-15
0.83121597096188747731397459165154	0.000013819948907314414	4.750549869934526e-11	0.000027637119448778915	2.849936521573037e-10	5.414464277697631e-15	7.277524079142853e-15
0.83303085299455535390199637023593	0.000013850508785975528	4.761143630965216e-11	0.00002770146752439694	2.856617196327623e-10	5.386055383324865e-15	7.200302790331655e-15
0.83484573502722323049001814882033	0.000013878877972892213	4.770671071301738e-11	0.00002776144802012682	2.862845608028456e-10	5.465076035115276e-15	7.133297282150504e-15
0.83666061705989110707803992740472	0.000013905042511448722	4.781002612641596e-11	0.00002781703240744017	2.868600437542619e-10	5.630328824272776e-15	7.105845287642115e-15
0.83847549909255898366606170598911	0.000013931509568949061	4.7907378942391114e-11	0.000027868192988053233	2.8747347866768545e-10	5.674039714096478e-15	7.172650470244539e-15
0.8402903811252268602540834845735	0.000013967090426778904	4.801839677069232e-11	0.000027927188156335902	2.8807850606616013e-10	5.60170651367587e-15	7.26581444917439e-15
0.84210526315789473684210526315789	0.000014000484068079298	4.812537262821878e-11	0.000027997228774731746	2.8873218000422993e-10	5.518247569600983e-15	7.349315702905605e-15
0.84392014519056261343012704174229	0.000014031675589415223	4.8234460507792394e-11	0.00002806287973716717	2.8938201636859686e-10	5.464216254511273e-15	7.276188405772969e-15
0.84573502722323049001814882032668	0.000014060650501115783	4.833214411237517e-11	0.00002812411145222287	2.900262194463752e-10	5.51052147054023e-15	7.222558649426102e-15
0.84754990925589836660617059891107	0.000014087394731901829	4.8433445928452825e-11	0.000028180895155692075	2.9060300842267217e-10	5.65860918861921e-15	7.184577756814555e-15
0.84936479128856624319419237749546	0.000014112125372669577	4.8528552094380723e-11	0.000028233202921762004	2.912172662310148e-10	5.7311618905284645e-15	7.218741383443798e-15
0.85117967332123411978221415607985	0.000014146759446307646	4.8639890807765095e-11	0.00002828559618653903	2.917886220668264e-10	5.690957043408621e-15	7.30076790687725e-15
0.85299455535390199637023593466425	0.000014180826293889429	4.874482770955178e-11	0.00002835692873487472	2.9246463987251806e-10	5.599099971052158e-15	7.421216219082392e-15
0.85480943738656987295825771324864	0.00001421266525892279	4.885650105016245e-11	0.00002842391411930429	2.931009249260212e-10	5.541919298494908e-15	7.366138204158891e-15
0.85662431941923774954627949183303	0.000014242261729851064	4.895697108602555e-11	0.000028486428659949097	2.937619308605617e-10	5.5583597435878284e-15	7.3227547885937e-15
0.85843920145190562613430127041742	0.000014269601517910814	4.905580040429137e-11	0.000028544443351284243	2.9435337881689627e-10	5.6749438889291016e-15	7.262317834960378e-15
0.86025408348457350272232304900181	0.000014294670861494402	4.915452169305967e-11	0.000028597930034260526	2.949550691356489e-10	5.7845609440258705e-15	7.285847795971022e-15
0.86206896551724137931034482758621	0.000014326212906726032	4.926031038130255e-11	0.00002864716093687954	2.955342166304472e-10	5.768935741595111e-15	7.369286491788411e-15
0.8638838475499092558983666061706	0.000014360968713785431	4.936587105911906e-11	0.00002871620561751368	2.9619075129680607e-10	5.694697455957105e-15	7.492391797837653e-15
0.86569872958257713248638838475499	0.000014393470913192067	4.947744722276656e-11	0.000028784556936678325	2.9681460462602035e-10	5.621971416546187e-15	7.48649850659973e-15
0.86751361161524500907441016333938	0.000014423704768748605	4.9581528450169184e-11	0.000028848385889182295	2.9749147829318e-10	5.625986922354643e-15	7.425309793480514e-15
0.86932849364791288566243194192377	0.000014451655971304713	4.967708113467222e-11	0.00002890766322261732	2.9810266587493966e-10	5.704906935350822e-15	7.353642723580063e-15
0.87114337568058076225045372050817	0.000014477310643327907	4.977948873699538e-11	0.00002896236053896647	2.9868657516021297e-10	5.844282342186703e-15	7.353664650560096e-15
0.87295825771324863883847549909256	0.00001450544395249864	4.9879596703971084e-11	0.000029012450309245153	2.9928770429401967e-10	5.876564509604902e-15	7.475698286766282e-15
0.87477313974591651542649727767695	0.000014540904460133062	4.998892001906011e-11	0.000029075045718332378	2.999103037967633e-10	5.794014009868013e-15	7.573161688291427e-15
0.87658802177858439201451905626134	0.000014574085673800348	5.009731529496851e-11	0.000029144794461464145	3.0055327463811424e-10	5.719879402392327e-15	7.63132359426372e-15
0.87840290381125226860254083484574	0.000014604972729783313	5.020509567028273e-11	0.000029209969391135947	3.012146013888122e-10	5.6974526924068066e-15	7.544578418045313e-15
0.88021778584392014519056261343013	0.000014633551195794711	5.0301146781745416e-11	0.0000292705410024492	3.018478923370428e-10	5.751930981164035e-15	7.462888131616623e-15
0.88203266787658802177858439201452	0.00001465980707547405	5.040346330175922e-11	0.000029326480652755844	3.02414494733922e-10	5.890902883401769e-15	7.440209125656894e-15
0.88384754990925589836660617059891	0.000014684852018568501	5.049773436377675e-11	0.00002937776057731328	3.030352219525558e-10	5.959040277219449e-15	7.553651958169458e-15
0.8856624319419237749546279491833	0.000014720626668769548	5.061092131974323e-11	0.000029433435340671587	3.0362302327343885e-10	5.901879502336172e-15	7.641901476164968e-15
0.8874773139745916515426497277677	0.000014754502665308554	5.071702218217098e-11	0.000029504612972597963	3.0428910094734216e-10	5.8232916293269996e-15	7.744187121017904e-15
0.88929219600725952813067150635209	0.000014786058727536338	5.082761654216411e-11	0.000029571165422886745	3.0493284589762384e-10	5.785883020101074e-15	7.66501041839897e-15
0.89110707803992740471869328493648	0.000014815280297135482	5.0926186134399344e-11	0.00002963306292847996	3.0558701900326074e-10	5.8151675875630854e-15	7.567219301595717e-15
0.89292196007259528130671506352087	0.000014842153256158064	5.1026346700202826e-11	0.000029690276596415238	3.061688063935343e-10	5.9471729148759045e-15	7.520292601299909e-15
0.89473684210526315789473684210526	0.000014866663931452449	5.112282667409758e-11	0.000029742778420470864	3.0677658570976474e-10	6.05243421066865e-15	7.590960028658446e-15
0.89655172413793103448275862068966	0.000014900128479212957	5.1231824987005736e-11	0.000029792384165489752	3.073417608281034e-10	6.034533669855361e-15	7.699739974819128e-15
0.89836660617059891107078039927405	0.000014934715015482897	5.133577140026442e-11	0.000029863998756134794	3.080184375114819e-10	5.926059485011167e-15	7.81661916567312e-15
0.90018148820326678765880217785844	0.00001496695587923929	5.1449083374170065e-11	0.00002993196024754903	3.086492901056741e-10	5.8682685538658875e-15	7.790053029473788e-15
0.90199637023593466424682395644283	0.000014996836383354097	5.155118646064412e-11	0.00002999521524335513	3.0931983650923917e-10	5.877348830401866e-15	7.684067785441067e-15
0.90381125226860254083484573502722	0.00001502434228539572	5.1648183302631907e-11	0.00003005373459473234	3.099184369190925e-10	5.978880177521686e-15	7.603806568566226e-15
0.90562613430127041742286751361162	0.00001504945979212839	5.174848832028276e-11	0.000030107490048236187	3.105115365436653e-10	6.101585347697683e-15	7.616928433790894e-15
0.90744101633393829401088929219601	0.00001507940303488121	5.185159206887162e-11	0.00003015645425618436	3.1109941121147994e-10	6.097715598931259e-15	7.73659091848848e-15
0.9092558983666061705989110707804	0.00001511471585543623	5.1959076042955086e-11	0.000030222938105500666	3.117410165925581e-10	6.0026653335041275e-15	7.836936103320326e-15
0.91107078039927404718693284936479	0.00001514765730502625	5.206945685927251e-11	0.000030292340134720835	3.12372372498178e-10	5.935037189826323e-15	7.866769541293339e-15
0.91288566243194192377495462794918	0.000015178212564829282	5.217535759698234e-11	0.00003035698419543355	3.1304607185740763e-10	5.908161700674676e-15	7.769450051012753e-15
0.91470054446460980036297640653358	0.000015206367265107113	5.226965868448868e-11	0.000030416840877241713	3.136674963511633e-10	5.989411117805453e-15	7.672829774263292e-15
0.91651542649727767695099818511797	0.000015232107489684321	5.237309929986576e-11	0.000030471881673808306	3.1423980754395174e-10	6.121841724321421e-15	7.644481739335945e-15
0.91833030852994555353901996370236	0.000015258443483194822	5.2470214671824734e-11	0.000030522078993591524	3.148509513042995e-10	6.161569740840878e-15	7.765227074516346e-15
0.92014519056261343012704174228675	0.00001529449831991874	5.2581692337523496e-11	0.000030581417321980904	3.154566323886444e-10	6.084635432352285e-15	7.848103309216904e-15
0.92196007259528130671506352087114	0.000015328156128108976	5.268907536477305e-11	0.000030652291360900146	3.161118073735182e-10	6.003915857700591e-15	7.955786886740355e-15
0.92377495462794918330308529945554	0.00001535940195453326	5.2798506656343917e-11	0.00003071835603886254	3.167654902922022e-10	5.959647370456618e-15	7.89719043605402e-15
0.92558983666061705989110707803993	0.00001538822129927359	5.289543992613832e-11	0.00003077958167829642	3.174102910140998e-10	5.9914287776440454e-15	7.78951100110327e-15
0.92740471869328493647912885662432	0.000015414600120391923	5.2996670084740926e-11	0.00003083593951426568	3.179817717713202e-10	6.128338671759531e-15	7.733889779411765e-15
0.92921960072595281306715063520871	0.00001543884056596813	5.3090736700757616e-11	0.00003088740170563286	3.185961460608916e-10	6.208386471848749e-15	7.807672500179033e-15
0.9310344827586206896551724137931	0.000015474055547241423	5.320315823126462e-11	0.000030939422714984133	3.191650350480957e-10	6.168465865873803e-15	7.909792365293276e-15
0.9328493647912885662431941923775	0.000015508445474908323	5.330830984621834e-11	0.00003101180020965709	3.1984459015496043e-10	6.071879797880333e-15	8.058912666334978e-15
0.93466424682395644283121597096189	0.00001554039766815675	5.342055357525868e-11	0.00003107931703394068	3.2048301270271637e-10	6.022863035989371e-15	8.024558920324239e-15
0.93647912885662431941923774954628	0.000015569897494138472	5.352049747258008e-11	0.000031141943237398255	3.211465799001143e-10	6.027947697064626e-15	7.9073821869099e-15
0.93829401088929219600725952813067	0.000015596930782266035	5.361909658231698e-11	0.00003119964979088998	3.2173411162355127e-10	6.159948317880006e-15	7.821234983104947e-15
0.94010889292196007259528130671506	0.000015621483828793722	5.371712403621283e-11	0.00003125240859785222	3.223347549252835e-10	6.277993505494707e-15	7.853227122382043e-15
0.94192377495462794918330308529946	0.00001565338067969138	5.382347581245488e-11	0.00003130065244951227	3.2290842979507806e-10	6.255157483663683e-15	7.979199776100159e-15
0.94373865698729582577132486388385	0.000015688518475210176	5.3928945301431207e-11	0.000031370852972130325	3.235704675801257e-10	6.152181147168226e-15	8.114874925910674e-15
0.94555353901996370235934664246824	0.000015721192824331698	5.4041461732507883e-11	0.00003143985344755972	3.2419529715456805e-10	6.1037978335545275e-15	8.125941468839665e-15
0.94736842105263157894736842105263	0.00001575138895836186	5.4145344876133525e-11	0.00003150391179974442	3.2487613046575676e-10	6.110796259121045e-15	8.020187302699444e-15
0.94918330308529945553539019963702	0.000015779092575305785	5.424036902510157e-11	0.000031562998729588614	3.2548480014767984e-10	6.202444938507892e-15	7.924175754076638e-15
0.95099818511796733212341197822142	0.000015804289844338414	5.434242059683224e-11	0.00003161708587948075	3.2606651999886366e-10	6.344950153591848e-15	7.908956733490384e-15
0.95281306715063520871143375680581	0.0000158324668636038	5.4442584038071505e-11	0.00003166614583834735	3.266641963795171e-10	6.354668532609613e-15	8.014496597298832e-15
0.9546279491833030852994555353902	0.000015868368262435653	5.45521392751198e-11	0.00003172943594728265	3.2728918611013475e-10	6.257507890007861e-15	8.14461803412137e-15
0.95644283121597096188747731397459	0.000015901780544755453	5.4661158703810616e-11	0.000031799951553461275	3.279325173739196e-10	6.182782816524004e-15	8.266671958537283e-15
0.95825771324863883847549909255898	0.00001593268880325157	5.476906940812835e-11	0.000031865473616355086	3.285987177902819e-10	6.171571412872755e-15	8.18391836547964e-15
0.96007259528130671506352087114338	0.000015961078601640135	5.4864240662795394e-11	0.00003192597256124895	3.2923146864274395e-10	6.240065050573325e-15	8.084060118227253e-15
0.96188747731397459165154264972777	0.000015986935979198202	5.496659872900703e-11	0.000031981419763726895	3.29791951925363e-10	6.398399568347427e-15	8.021265163068911e-15
0.96370235934664246823956442831216	0.000016011684635166342	5.506042716761702e-11	0.00003203178755533877	3.304134437587908e-10	6.4675607966270244e-15	8.140035734996947e-15
0.96551724137931034482758620689655	0.000016047987973672105	5.517419994658505e-11	0.00003208753544229609	3.3100051980424635e-10	6.376931427216675e-15	8.253759865911999e-15
0.96733212341197822141560798548094	0.000016082153954393592	5.5280641046143234e-11	0.00003215959763271077	3.3166896904161874e-10	6.289734039614355e-15	8.429214716648025e-15
0.96914700544464609800362976406534	0.000016113790142873514	5.539167463136067e-11	0.000032226614944646975	3.3231551090394556e-10	6.257809407160403e-15	8.349502862393743e-15
0.97096188747731397459165154264973	0.000016142881965700666	5.5489648503407714e-11	0.0000322885575221082	3.329714690192717e-10	6.301943929474123e-15	8.226715280436518e-15
0.97277676950998185117967332123412	0.000016169415329398176	5.558964615822489e-11	0.000032345396468184315	3.3354855820590475e-10	6.4382536791827284e-15	8.137481761753904e-15
0.97459165154264972776769509981851	0.000016193376624920608	5.5685231639576816e-11	0.00003239710385135283	3.3415594599089836e-10	6.5257885566866266e-15	8.189433449731873e-15
0.9764065335753176043557168784029	0.00001622737074999882	5.5795081533870214e-11	0.00003244611508412232	3.347144561774407e-10	6.484818347307227e-15	8.3107269673347e-15
0.9782214156079854809437386569873	0.000016262306181667196	5.589916183660958e-11	0.00003251877797382274	3.3539836269869167e-10	6.361090026400698e-15	8.505428735443446e-15
0.98003629764065335753176043557169	0.000016294686094227133	5.601315833395992e-11	0.000032587322048485385	3.3603085562647884e-10	6.319188361272353e-15	8.48236802966921e-15
0.98185117967332123411978221415608	0.000016324495774340823	5.6114852360158035e-11	0.00003265073985392474	3.3670457637670735e-10	6.326349067710736e-15	8.365020010525429e-15
0.98366606170598911070780399274047	0.000016351720992927382	5.621151467708498e-11	0.00003270900221502318	3.3729952626424244e-10	6.454158671924543e-15	8.25331263286749e-15
0.98548094373865698729582577132486	0.000016376348009754607	5.631124893673132e-11	0.00003276208093148362	3.3789142728376585e-10	6.5830447299749005e-15	8.244129221890154e-15
0.98729582577132486388384754990926	0.00001640650973656586	5.641470084846006e-11	0.00003280994878179776	3.3847469957141965e-10	6.574628511671535e-15	8.370928219570274e-15
0.98911070780399274047186932849365	0.000016442230358577272	5.652222853384243e-11	0.000032877478873376266	3.3912042442769503e-10	6.451972022812462e-15	8.539014610772863e-15
0.99092558983666061705989110707804	0.000016475369777474785	5.663340631138201e-11	0.000032947581198859495	3.397509661324065e-10	6.376629110122113e-15	8.596193861452215e-15
0.99274047186932849364791288566243	0.000016505913137107464	5.673924971616319e-11	0.000033012505804591335	3.404305356926341e-10	6.369671760856637e-15	8.474150755673169e-15
0.99455535390199637023593466424682	0.00001653384606998486	5.683255615952117e-11	0.000033072223231568116	3.4105031865196796e-10	6.4711547433154666e-15	8.343154490507854e-15
0.99637023593466424682395644283122	0.000016559154701829907	5.6936131166068594e-11	0.000033126705004975684	3.416196864181349e-10	6.611078520097862e-15	8.291564137291581e-15
0.99818511796733212341197822141561	0.000016585398082824637	5.703308193343785e-11	0.00003317592363697449	3.4222827337833054e-10	6.649375466842137e-15	8.4017210916553e-15