0	3.0478177778583285e-51	3.0478177778583285e-51	3.0478177778583285e-51	3.0478177778583285e-51
0.001814882032667876588021778584392	2.4117790686194727e-6	3.874754154695396e-9	2.3215353222632745e-6	3.875607465319726e-9
0.003629764065335753176043557168784	4.8224168285551516e-6	7.74890375025286e-9	4.64252085921377e-6	7.750000541493482e-9
0.005444646098003629764065335753176	7.230773632830054e-6	1.1621441589586925e-8	6.961858123183163e-6	1.1624378290512922e-8
0.0072595281306715063520871143375681	9.643897090481827e-6	1.5497502606865177e-8	9.279515145509113e-6	1.5496193433798266e-8
0.0090744101633393829401088929219601	0.000012058270716732772	1.937256749665263e-8	0.000011603932585488116	1.9374031555301832e-8
0.010889292196007259528130671506352	0.000014471721680191495	2.325121304145764e-8	0.000013928094700314537	2.3250257969488893e-8
0.012704174228675136116152450090744	0.000016883108383554844	2.7124885873617013e-8	0.000016250818758579576	2.7129302367069683e-8
0.014519056261343012704174228675136	0.00001929128957727549	3.09955642418309e-8	0.000018571005926392646	3.100182479230618e-8
0.016333938294010889292196007259528	0.000021695124717939065	3.486689135800929e-8	0.000020887557843105044	3.4873515173754224e-8
0.01814882032667876588021778584392	0.00002410708775831364	3.8742168641820843e-8	0.00002319937696629619	3.874316866308759e-8
0.019963702359346642468239564428312	0.000026526476376014685	4.261849380168086e-8	0.00002552612040032349	4.262165726429244e-8
0.021778584392014519056261343012704	0.000028942878692095266	4.6500971266179715e-8	0.00002785468885599415	4.649722644172312e-8
0.023593466424682395644283121597096	0.000031355152591209844	5.037692204299954e-8	0.000030179832628719925	5.0382032408178015e-8
0.025408348457350272232304900181488	0.00003376215665342318	5.424099268833382e-8	0.000032500452456061194	5.4256157769412793e-8
0.02722323049001814882032667876588	0.00003616275051268607	5.811452500511707e-8	0.00003481544988361223	5.8121920497087496e-8
0.029038112522686025408348457350272	0.00003856659084884897	6.198360842433888e-8	0.000037123727609934573	6.199308963912738e-8
0.030852994555353901996370235934664	0.000040992273367774045	6.586579821669491e-8	0.000039445034274936065	6.586655697980733e-8
0.032667876588021778584392014519056	0.00004341290638214749	6.974782000278833e-8	0.000041779239593495184	6.974666871721804e-8
0.034482758620689655172413793103448	0.00004582734702906623	7.3629392499675e-8	0.000044108033972937546	7.363234268990731e-8
0.03629764065335753176043557168784	0.00004823445348872423	7.749273023378311e-8	0.00004643031750151742	7.751141514709588e-8
0.038112522686025408348457350272232	0.000050633085342935194	8.136285646987634e-8	0.00004874499141025206	8.137200047102222e-8
0.039927404718693284936479128856624	0.000053023898468079575	8.522033611761851e-8	0.000051050958417918536	8.524420907030108e-8
0.041742286751361161524500907441016	0.000055455097220306184	8.911180590013676e-8	0.000053360131618825895	8.910724467284041e-8
0.043557168784029038112522686025408	0.00005788124012610826	9.299163319786361e-8	0.00005570120409810286	9.299594773597633e-8
0.0453720508166969147005444646098	0.00006029912702356581	9.688084241574451e-8	0.00005803487985152467	9.687888578447691e-8
0.047186932849364791288566243194192	0.00006270761546351328	1.0074645506236263e-7	0.00006036005809730377	1.0076614199178276e-7
0.049001814882032667876588021778584	0.0000651055647461299	1.0461039959321187e-7	0.00006267563953105679	1.0462790430243982e-7
0.050816696914700544464609800362976	0.00006749183627923058	1.0847082207045561e-7	0.00006498052667099815	1.0849504071104116e-7
0.052631578947368421052631578947368	0.00006991438354631367	1.1235503076377834e-7	0.00006727538654437925	1.1235034706852111e-7
0.05444646098003629764065335753176	0.00007234731534381073	1.1623117821828713e-7	0.00006962003962804091	1.1624294430329142e-7
0.056261343012704174228675136116152	0.00007476992790485083	1.2012981702393932e-7	0.00007195982735895612	1.2012265929932882e-7
0.058076225045372050816696914700544	0.00007718107792144304	1.2400226341776057e-7	0.00007428913127333101	1.2401888333032733e-7
0.059891107078039927404718693284936	0.00007957962418261669	1.2785566811111285e-7	0.00007660685131063069	1.278861345488448e-7
0.061705989110707803992740471869328	0.0000819644279328652	1.317229496043331e-7	0.0000789118895676694	1.3174409816613697e-7
0.063520871143375680580762250453721	0.00008436956805751767	1.355939868295773e-7	0.00008120315064348066	1.356055742269994e-7
0.065335753176043557168784029038113	0.00008681056751375549	1.3947992202180574e-7	0.00008353520352858817	1.3948617225025657e-7
0.067150635208711433756805807622505	0.00008923918502136405	1.433748615701191e-7	0.00008588233363792005	1.4336658729410374e-7
0.068965517241379310344827586206897	0.0000916542761841061	1.4725748559733665e-7	0.00008821699406895802	1.4726818427879872e-7
0.070780399274047186932849364791289	0.0000940546990503721	1.5110534170619847e-7	0.00009053808378422173	1.5114493888986887e-7
0.072595281306715063520871143375681	0.00009643931447178264	1.5497473262754813e-7	0.00009284450423830959	1.5498989503713676e-7
0.074410163339382940108892921960073	0.00009882008657947175	1.5882718837321658e-7	0.00009513515972291164	1.5886095749331759e-7
0.076225045372050816696914700544465	0.00010127043218792267	1.6272705760416583e-7	0.00009744615324609832	1.627241455694412e-7
0.078039927404718693284936479128857	0.00010370633375467442	1.6661495240319544e-7	0.00009980185589345683	1.6661780656418848e-7
0.079854809437386569872958257713249	0.00010612664556583802	1.7051066674503402e-7	0.00010214310354708897	1.7051258999910006e-7
0.081669691470054446460980036297641	0.00010853022469968336	1.743633741589231e-7	0.00010446879397183545	1.7440219211233633e-7
0.083484573502722323049001814882033	0.00011091593138544719	1.7822468489070926e-7	0.00010677782775928639	1.782492967776917e-7
0.085299455535390199637023593466425	0.00011328270896648246	1.820682964107566e-7	0.00010906910867292361	1.821150104818308e-7
0.087114337568058076225045372050817	0.00011572634500626743	1.8597036774885937e-7	0.00011135326231934919	1.8595537850742816e-7
0.088929219600725952813067150635209	0.00011817080953398508	1.8985200627862415e-7	0.00011371785140710336	1.898657006770834e-7
0.090744101633393829401088929219601	0.00012059762138824924	1.9376035201940972e-7	0.0001160669168083252	1.9375285909114934e-7
0.092558983666061705989110707803993	0.00012300563644777006	1.9762351176612804e-7	0.00011839843889236958	1.9765643923270775e-7
0.094373865698729582577132486388385	0.00012539371408990403	2.0147132002090942e-7	0.00012071131716700523	2.0151103355886114e-7
0.096188747731397459165154264972777	0.00012776071754894128	2.0532644402339038e-7	0.0001230044546467135	2.0536624675183699e-7
0.098003629764065335753176043557169	0.00013017774171157186	2.0920836650872344e-7	0.00012527675819736157	2.092121227494852e-7
0.099818511796733212341197822141561	0.000132632047850928	2.1309214024535298e-7	0.0001276297775508624	2.131087834505005e-7
0.10163339382940108892921960072595	0.00013506663899502146	2.170050866732328e-7	0.00012998789100498111	2.1698813438925383e-7
0.10344827586206896551724137931034	0.00013748036959357045	2.2088297990461389e-7	0.00013232647557763786	2.209062252886958e-7
0.10526315789473684210526315789474	0.00013987209794253985	2.2471315174581852e-7	0.00013464442947205114	2.2477487919587998e-7
0.10707803992740471869328493647913	0.00014224068654265532	2.2858320491522363e-7	0.00013694065473283717	2.286131798177172e-7
0.10889292196007259528130671506352	0.00014462405816398393	2.3243956816435619e-7	0.00013921405759095268	2.3247329620903945e-7
0.11070780399274047186932849364791	0.00014708948427418704	2.363419302920288e-7	0.00014153709180139403	2.3634556890527757e-7
0.1125226860254083484573502722323	0.0001495331337665442	2.402434161095197e-7	0.00014390548335524794	2.402382805182997e-7
0.1143375680580762250453720508167	0.00015195385943234815	2.4413938657890976e-7	0.0001462523610865653	2.4415009548009573e-7
0.11615245009074410163339382940109	0.00015435051825669235	2.479757648438984e-7	0.0001485766216732731	2.480361532464289e-7
0.11796733212341197822141560798548	0.0001567219717772067	2.518370927050224e-7	0.0001508771659693445	2.518645299829126e-7
0.11978221415607985480943738656987	0.00015907255561878585	2.556624872442825e-7	0.00015315289934996815	2.557320970679847e-7
0.12159709618874773139745916515426	0.0001615425544642511	2.595868522763675e-7	0.00015543925175410227	2.595745712996366e-7
0.12341197822141560798548094373866	0.00016399654113459915	2.634772839524306e-7	0.00015781915115725996	2.634885988943714e-7
0.12522686025408348457350272232305	0.00016642554127038644	2.673912768741204e-7	0.00016017555251921964	2.6738659509364754e-7
0.12704174228675136116152450090744	0.00016882841031634938	2.71239367765343e-7	0.00016250735077190387	2.7129340059077286e-7
0.12885662431941923774954627949183	0.00017120400861753385	2.750866209896459e-7	0.0001648134453578716	2.7513170101628726e-7
0.13067150635208711433756805807623	0.00017355120177729472	2.7892368114529534e-7	0.00016709274057566444	2.789870387363527e-7
0.13248638838475499092558983666062	0.00017599069418795663	2.828254202221938e-7	0.00016934867310940103	2.8281140801551944e-7
0.13430127041742286751361161524501	0.0001784562965970243	2.867050242822463e-7	0.0001717283518032213	2.867330631695079e-7
0.1361161524500907441016333938294	0.00018089485043966614	2.9063719599040545e-7	0.00017409550703093043	2.906205789436905e-7
0.13793103448275862068965517241379	0.00018330520939086726	2.9450457610454284e-7	0.00017643607378564692	2.945451662594363e-7
0.13974591651542649727767695099819	0.00018568623237349657	2.9833030335967707e-7	0.00017874894987769403	2.983999366428377e-7
0.14156079854809437386569872958258	0.00018803678391673379	3.0218694611633375e-7	0.00018103303830817774	3.022366346569346e-7
0.14337568058076225045372050816697	0.0001904333393332718	3.0605614840263434e-7	0.00018328724761371046	3.060798979165887e-7
0.14519056261343012704174228675136	0.00019291183573238107	3.0995509660920934e-7	0.00018563254279342205	3.0997018735428297e-7
0.14700544464609800362976406533575	0.00019536122231253984	3.138756892664293e-7	0.00018801168184639315	3.1385604205210176e-7
0.14882032667876588021778584392015	0.00019778035074954686	3.1776570257044603e-7	0.0001903622477627453	3.1778999535091783e-7
0.15063520871143375680580762250454	0.0002001680783146324	3.2158167979364737e-7	0.00019268313649987762	3.216667258576934e-7
0.15245009074410163339382940108893	0.0002025232682331895	3.254462957873325e-7	0.00019497324954063819	3.2547939831593123e-7
0.15426497277676950998185117967332	0.0002048699259239255	3.2927755132382065e-7	0.00019723149423827267	3.2934497302923375e-7
0.15607985480943738656987295825771	0.000207362594214716	3.332031569877873e-7	0.00019953118175044697	3.331984856987345e-7
0.15789473684210526315789473684211	0.00020982409231646142	3.37105703972469e-7	0.00020192353427377088	3.371103114259587e-7
0.1597096188747731397459165154265	0.00021225326967644803	3.41021292197114e-7	0.0002042853297961594	3.4102643315960346e-7
0.16152450090744101633393829401089	0.00021464898168480548	3.44850866071271e-7	0.0002066154622013998	3.4492846788480813e-7
0.16333938294010889292196007259528	0.00021701009003356452	3.4870024366557787e-7	0.00020891283123323763	3.4874719567747483e-7
0.16515426497277676950998185117967	0.00021933573023187657	3.5251333395268283e-7	0.0002111763428407383	3.526051466439982e-7
0.16696914700544464609800362976407	0.00022180800782813965	3.564438206887057e-7	0.00021342530968695647	3.564164727779209e-7
0.16878402903811252268602540834846	0.00022428289594859463	3.6033293313008197e-7	0.0002158305217187581	3.6035768392757524e-7
0.17059891107078039927404718693285	0.00022672340148498118	3.6426989009933636e-7	0.00021820477703757713	3.642566792232352e-7
0.17241379310344827586206896551724	0.00022912837771685217	3.681209748512004e-7	0.00022054538397913993	3.6818370763537514e-7
0.17422867513611615245009074410163	0.00023149668457336187	3.7194730317385934e-7	0.00022285124032733026	3.7201881183271115e-7
0.17604355716878402903811252268603	0.0002338271889913883	3.757846290498043e-7	0.00022512125040616374	3.758589320686033e-7
0.17785843920145190562613430127042	0.00023624751248151177	3.79675601869926e-7	0.00022735432542423574	3.796794354582079e-7
0.17967332123411978221415607985481	0.00023873706879055928	3.8356522910243936e-7	0.00022973210169872847	3.835966735479485e-7
0.1814882032667876588021778584392	0.00024119018153261277	3.875100415680384e-7	0.00023212004671159907	3.8748070444522893e-7
0.18330308529945553539019963702359	0.00024360570164732052	3.9138831534155766e-7	0.00023447235886411657	3.914309901447178e-7
0.18511796733212341197822141560799	0.00024598248707141993	3.9518598796443445e-7	0.0002367879337595917	3.9529261052132356e-7
0.18693284936479128856624319419238	0.0002483194030973221	3.990509668754277e-7	0.00023906567387613976	3.9910484265108586e-7
0.18874773139745916515426497277677	0.00025068054422312607	4.0289701507740585e-7	0.00024130448891149844	4.0295231108507536e-7
0.19056261343012704174228675136116	0.00025318604652301165	4.0681795454048275e-7	0.0002436277318567369	4.0682579444923535e-7
0.19237749546279491833030852994555	0.0002556530452355583	4.107402920745471e-7	0.0002460305961297261	4.1072951074431966e-7
0.19419237749546279491833030852995	0.0002580803887311378	4.146490986196666e-7	0.0002483958439354868	4.146688606311232e-7
0.19600725952813067150635208711434	0.0002604669327245739	4.1845742911361776e-7	0.000250722368476031	4.185603416189405e-7
0.19782214156079854809437386569873	0.00026281154063426343	4.223108607033898e-7	0.0002530090701627831	4.2235541985450657e-7
0.19963702359346642468239564428312	0.0002651223399638854	4.2610657514855434e-7	0.00025525485696172294	4.2621924307358177e-7
0.20145190562613430127041742286751	0.0002676292649404586	4.300622405464754e-7	0.0002575168699757278	4.300435612262791e-7
0.20326678765880217785843920145191	0.00027011142808345157	4.339641805411588e-7	0.00025993588270458487	4.3398131823976653e-7
0.2050816696914700544464609800363	0.00027255187425623305	4.3790186964996907e-7	0.00026231529633468867	4.3789586453410684e-7
0.20689655172413793103448275862069	0.00027494945672232806	4.417308769276587e-7	0.00026465400144617685	4.4182054991094285e-7
0.20871143375680580762250453720508	0.0002773030367964769	4.455628238791777e-7	0.00026695089616294063	4.4563430117562136e-7
0.21052631578947368421052631578947	0.00027961148420256165	4.493749267576275e-7	0.0002692048864983314	4.4947874455287134e-7
0.21234119782214156079854809437387	0.0002820661599657784	4.5329660129928254e-7	0.00027142228652354236	4.532705817201364e-7
0.21415607985480943738656987295826	0.0002845647656540051	4.571805591923708e-7	0.00027383536396393847	4.572237000084884e-7
0.21597096188747731397459165154265	0.0002870195935583285	4.611451736525547e-7	0.0002762301732795971	4.611199184175171e-7
0.21778584392014519056261343012704	0.00028942949426154257	4.6500592556691634e-7	0.0002785822896771398	4.650717803266882e-7
0.21960072595281306715063520871143	0.0002917933267452388	4.688053698393233e-7	0.0002808906087722268	4.6891250782673875e-7
0.22141560798548094373865698729583	0.0002941099587481679	4.726497787831519e-7	0.0002831540344046956	4.7272932872704456e-7
0.22323049001814882032667876588022	0.00029649616766500643	4.765195512669482e-7	0.0002853714789831103	4.7655278403425523e-7
0.22504537205081669691470054446461	0.00029901249362772683	4.804299174340549e-7	0.00028772849756478647	4.804551701897823e-7
0.226860254083484573502722323049	0.00030148298203551394	4.843775560149873e-7	0.0002901399320784847	4.843448693067738e-7
0.22867513611615245009074410163339	0.00030390648056111364	4.882733966930324e-7	0.0002925066902277003	4.883125779933456e-7
0.23049001814882032667876588021779	0.00030628184562346046	4.920564052991503e-7	0.00029482766489914247	4.921877223099105e-7
0.23230490018148820326678765880218	0.00030860794274658004	4.959171448214994e-7	0.00029710175753832387	4.95969508963352e-7
0.23411978221415607985480943738657	0.0003109187242619451	4.997296052381725e-7	0.000299327878494507	4.998280006948125e-7
0.23593466424682395644283121597096	0.0003134540478025688	5.036793523903519e-7	0.0003016147413074752	5.036742432801713e-7
0.23774954627949183303085299455535	0.0003159414751630264	5.075975624026815e-7	0.0003040440301442483	5.076026385521564e-7
0.23956442831215970961887477313975	0.00031837985087671103	5.115318351783384e-7	0.00030642666022243173	5.115414882754336e-7
0.24137931034482758620689655172414	0.0003207680285704505	5.153371884620894e-7	0.0003087615214791779	5.154543935633866e-7
0.24319419237749546279491833030853	0.00032310487132393613	5.191755380192208e-7	0.00031104751274484035	5.192436557522848e-7
0.24500907441016333938294010889292	0.0003253898137029777	5.229565121853215e-7	0.0003132835420884983	5.230947446915731e-7
0.24682395644283121597096188747731	0.00032788886410860664	5.269178193431619e-7	0.0003154956368958733	5.268794341693681e-7
0.24863883847549909255898366606171	0.00033039450850781867	5.308153066087028e-7	0.00031794192500839434	5.308499392546471e-7
0.2504537205081669691470054446461	0.00033284904051534485	5.347797860953615e-7	0.0003203416568657742	5.347616769153665e-7
0.25226860254083484573502722323049	0.00033525131073650674	5.386172339501576e-7	0.00032269163548889117	5.38711066369305e-7
0.25408348457350272232304900181488	0.0003376001795770779	5.424234716885707e-7	0.00032499075687219094	5.425251184028482e-7
0.25589836660617059891107078039927	0.0003398945176014332	5.462414044095569e-7	0.00032723792658366193	5.463515290287034e-7
0.25771324863883847549909255898367	0.00034231637862268963	5.501438326490696e-7	0.0003294320601090051	5.501450647051331e-7
0.25952813067150635208711433756806	0.0003448415177433406	5.540377182911401e-7	0.0003318330743352349	5.540852854598389e-7
0.26134301270417422867513611615245	0.0003473134848501751	5.580157947218357e-7	0.0003342511374561806	5.579748951256678e-7
0.26315789473684210526315789473684	0.0003497311272976484	5.61892887112209e-7	0.0003366174639600649	5.619562857358446e-7
0.26497277676950998185117967332123	0.000352093302588147	5.656594592379311e-7	0.00033893094678473225	5.658093105327415e-7
0.26678765880217785843920145190563	0.0003543988787306623	5.695177688098852e-7	0.0003411904887762255	5.695968669519017e-7
0.26860254083484573502722323049002	0.0003567360275831406	5.733559070551245e-7	0.00034339500303344614	5.734300922349648e-7
0.27041742286751361161524500907441	0.0003592819386641274	5.772938288383274e-7	0.00034571693593588585	5.773071915926089e-7
0.2722323049001814882032667876588	0.00036177261933508615	5.812384066158683e-7	0.000348154559400156	5.812203173201514e-7
0.27404718693284936479128856624319	0.00036420691347033	5.851584873258041e-7	0.00035053846399375516	5.851885969327928e-7
0.27586206896551724137931034482759	0.00036658367543935454	5.889376815601413e-7	0.00035286753937728815	5.890839390954739e-7
0.27767695099818511796733212341198	0.0003689017704661133	5.927841183442786e-7	0.0003551406854539996	5.928446286582019e-7
0.27949183303085299455535390199637	0.00037117322778275607	5.965525577353218e-7	0.0003573568127150873	5.967056050838268e-7
0.28130671506352087114337568058076	0.0003737152072005132	6.005379285997394e-7	0.0003595929677824095	6.00514172434577e-7
0.28312159709618874773139745916515	0.00037622587951940777	6.044522814290435e-7	0.0003620513802263986	6.044740637299274e-7
0.28493647912885662431941923774955	0.0003786781045260225	6.0841257947244e-7	0.0003644540927744144	6.084065455181599e-7
0.28675136116152450090744101633394	0.0003810707332275235	6.122209412435822e-7	0.0003667999915892724	6.123475487340221e-7
0.28856624319419237749546279491833	0.0003834026278332792	6.160389661225784e-7	0.0003690879734106568	6.161356633261118e-7
0.29038112522686025408348457350272	0.0003856726621124897	6.198245167457748e-7	0.00037131694590110555	6.19970116105196e-7
0.29219600725952813067150635208711	0.00038814075943330626	6.23768531878191e-7	0.00037349620616670986	6.237278261304261e-7
0.29401088929219600725952813067151	0.0003906727010626332	6.276577414696418e-7	0.0003759410575998465	6.27714812755677e-7
0.2958257713248638838475499092559	0.00039314413580600593	6.316537087442573e-7	0.0003783638075839937	6.316206362485821e-7
0.29764065335753176043557168784029	0.0003955539110789579	6.355062705426023e-7	0.00038072776041882397	6.355986843172193e-7
0.29945553539019963702359346642468	0.0003979008858466721	6.392808254244083e-7	0.0003830318094597534	6.394238068865535e-7
0.30127041742286751361161524500907	0.00040018393098236024	6.43111405517303e-7	0.0003852748593197739	6.432221383174816e-7
0.30308529945553539019963702359347	0.00040255803160845475	6.469841533079469e-7	0.0003874558262137889	6.470241904996237e-7
0.30490018148820326678765880217786	0.00040511251974899537	6.509043423901205e-7	0.00038982304933579334	6.509410786858064e-7
0.30671506352087114337568058076225	0.00040760444273597207	6.548804205527145e-7	0.00039226706581601	6.548330269464241e-7
0.30852994555353901996370235934664	0.00041003264416396447	6.587805266871906e-7	0.00039465030293685873	6.58835890962906e-7
0.31034482758620689655172413793103	0.00041239597952446764	6.625294767089631e-7	0.00039697165044882943	6.627078870347611e-7
0.31215970961887477313974591651543	0.0004146933165650405	6.663872375700485e-7	0.00039923000969451514	6.664601848952272e-7
0.31397459165154264972776769509982	0.00041696646015168857	6.701833079705721e-7	0.0004014242939536034	6.70309998422383e-7
0.31578947368421052631578947368421	0.00041954477150226636	6.741556016547667e-7	0.00040369681341397923	6.741513762301995e-7
0.3176043557168784029038112522686	0.00042205846084078887	6.78091260687915e-7	0.00040616332498968725	6.780947458565158e-7
0.31941923774954627949183303085299	0.0004245063677116455	6.820422543974419e-7	0.0004085670763012025	6.820577141100418e-7
0.32123411978221415607985480943739	0.0004268873439032717	6.858222997801302e-7	0.00041090695327354685	6.859799279037415e-7
0.32304900181488203266787658802178	0.0004292002538078566	6.89650525819275e-7	0.00041318185375808044	6.897386355121397e-7
0.32486388384754990925589836660617	0.00043144493564166935	6.933977889508166e-7	0.00041539068787831894	6.935837624930666e-7
0.32667876588021778584392014519056	0.0004339688924003192	6.973923215705025e-7	0.0004175642236038399	6.973442205444903e-7
0.32849364791288566243194192377495	0.00043650562575906686	7.012990851457118e-7	0.00042005204276398335	7.013424244963932e-7
0.33030852994555353901996370235935	0.00043897451702453957	7.052899986752627e-7	0.0004224775377706775	7.052678106387329e-7
0.33212341197822141560798548094374	0.0004413744140526572	7.091122477267986e-7	0.00042483717489173213	7.092384741605236e-7
0.33393829401088929219600725952813	0.00044370417765077284	7.128997833337805e-7	0.00042712984826660236	7.130301014856616e-7
0.33575317604355716878402903811252	0.0004459626819355828	7.166967278940883e-7	0.0004293544646416476	7.168439955381088e-7
0.33756805807622504537205081669691	0.00044838431868985274	7.206130167055721e-7	0.0004315099437140835	7.206089684212014e-7
0.33938294010889292196007259528131	0.0004509453732579183	7.245095656462317e-7	0.0004339326769517416	7.245745770768579e-7
0.3411978221415607985480943738657	0.00045343652749326563	7.285223048430073e-7	0.0004363811447191886	7.284706649125215e-7
0.34301270417422867513611615245009	0.00045585662509003316	7.323966539412545e-7	0.00043876177233755526	7.324820708006839e-7
0.34482758620689655172413793103448	0.00045820452304112206	7.361335234330925e-7	0.0004410734500137134	7.363249379477689e-7
0.34664246823956442831215970961887	0.00046047909199696806	7.399835685559473e-7	0.0004433150808960104	7.400892105307935e-7
0.34845735027223230490018148820327	0.00046279048680100134	7.43816202000639e-7	0.0004454855814189802	7.43906597475203e-7
0.35027223230490018148820326678766	0.00046537713924759354	7.47769511067218e-7	0.00044780468553377173	7.477897181239853e-7
0.35208711433756805807622504537205	0.0004678918346112622	7.517377184828662e-7	0.00045027735464985306	7.517106580631692e-7
0.35390199637023593466424682395644	0.0004703334121951683	7.556675114665009e-7	0.00045268020273561677	7.5570926310903e-7
0.35571687840290381125226860254083	0.0004727007249482983	7.594164806610004e-7	0.00045501211584468695	7.596069043709481e-7
0.35753176043557168784029038112523	0.00047499263982510786	7.632568235101075e-7	0.00045727199330662015	7.633321148503177e-7
0.35934664246823956442831215970962	0.00047722519534274855	7.6700039290828e-7	0.0004594587480722146	7.671911408949684e-7
0.36116152450090744101633393829401	0.0004798003597961668	7.710138743394649e-7	0.000461667526672868	7.709863627361078e-7
0.3629764065335753176043557168784	0.0004823398739894563	7.749415451569985e-7	0.0004641656252090589	7.749667931830534e-7
0.36479128856624319419237749546279	0.0004848042106249586	7.789233651300448e-7	0.0004665919233149436	7.789185967547059e-7
0.36660617059891107078039927404719	0.0004871922183783812	7.827095195213256e-7	0.00046894530267044883	7.828743557748289e-7
0.36842105263157894736842105263158	0.0004895027602785616	7.86515005638186e-7	0.0004712246585655354	7.86635745932179e-7
0.37023593466424682395644283121597	0.0004917347140649339	7.902724090607012e-7	0.00047342890024633556	7.904611112167899e-7
0.37205081669691470054446460980036	0.00049421447114421	7.942411698439522e-7	0.0004755704114084439	7.941830990785918e-7
0.37386569872958257713248638838475	0.0004967800813709124	7.981365295821658e-7	0.00047804541420054444	7.98206359235691e-7
0.37568058076225045372050816696915	0.0004992684557281108	8.021627600086447e-7	0.00048049639142322284	8.021226908790638e-7
0.37749546279491833030852994555354	0.0005016784383889001	8.060055697889303e-7	0.00048287246748179315	8.061258369280965e-7
0.37931034482758620689655172413793	0.0005040088882269506	8.097566280160021e-7	0.00048517253340591435	8.09933792526303e-7
0.38112522686025408348457350272232	0.0005062586791747983	8.135717841794373e-7	0.0004873954945161212	8.13715021205724e-7
0.38294010889292196007259528130672	0.0005086189097194153	8.174499124192306e-7	0.000489540270768109	8.174940751444168e-7
0.38475499092558983666061705989111	0.0005112118926455107	8.213783293380829e-7	0.0004919161795995364	8.214278706457535e-7
0.3865698729582577132486388384755	0.0005137255829597805	8.253842416226282e-7	0.0004943930645408417	8.253204727975747e-7
0.38838475499092558983666061705989	0.0005161588201034674	8.292870512805937e-7	0.00049679306736338	8.293598929384835e-7
0.39019963702359346642468239564428	0.0005185104585655719	8.330008525202642e-7	0.0004991150746159249	8.332271787056695e-7
0.39201451905626134301270417422868	0.0005207793682420064	8.36856531939176e-7	0.0005013579874725599	8.369513839093228e-7
0.39382940108892921960072595281307	0.0005230131121513234	8.406386174296114e-7	0.0005035207220778192	8.407909240034804e-7
0.39564428312159709618874773139746	0.0005256347438646517	8.446318626637787e-7	0.0005057773795667514	8.446298423534532e-7
0.39745916515426497277676950998185	0.0005281750278962829	8.485863558535025e-7	0.0005082814002949287	8.485865911533792e-7
0.39927404718693284936479128856624	0.0005306327987264856	8.525525086056923e-7	0.000510706559507906	8.525750693495333e-7
0.40108892921960072595281306715064	0.0005330069062301347	8.563061585180693e-7	0.0005130517390530261	8.565050295955751e-7
0.40290381125226860254083484573503	0.0005352962160368672	8.601251649771989e-7	0.0005153158357371416	8.602320934197786e-7
0.40471869328493647912885662431942	0.0005375010722976312	8.638371221903075e-7	0.0005174977616725709	8.640721579299037e-7
0.40653357531760435571687840290381	0.0005400480712558899	8.678672852926548e-7	0.0005196310494788625	8.678107898325676e-7
0.4083484573502722323049001814882	0.000542616226249774	8.717842272821e-7	0.0005221608564735421	8.71835097552897e-7
0.4101633393829401088929219600726	0.0005450998095578133	8.758004866339881e-7	0.0005246124012301764	8.757750388684016e-7
0.41197822141560798548094373865699	0.0005474976662114322	8.796059750028729e-7	0.000526981983657952	8.79765889755756e-7
0.41379310344827586206896551724138	0.0005498086573443762	8.833761960896547e-7	0.0005292684959757651	8.835346187827416e-7
0.41560798548094373865698729582577	0.0005520316605505773	8.871505574755288e-7	0.0005314708460427823	8.873362894230177e-7
0.41742286751361161524500907441016	0.0005544513112376144	8.910831119404253e-7	0.000533587957702161	8.910711044302463e-7
0.41923774954627949183303085299456	0.0005570486138829129	8.949807290725958e-7	0.0005360308910396926	8.950645062391441e-7
0.42105263157894736842105263157895	0.0005595592880074828	8.990295306779703e-7	0.0005385100499811976	8.989679722812336e-7
0.42286751361161524500907441016334	0.0005619821735700505	9.028995745792944e-7	0.0005409052654688765	9.030083040793216e-7
0.42468239564428312159709618874773	0.0005643161269788961	9.066081384316893e-7	0.0005432154249130177	9.068394515277356e-7
0.42649727767695099818511796733212	0.0005665600214507734	9.104483240284739e-7	0.0005454394316987598	9.10581831285315e-7
0.42831215970961887477313974591652	0.0005688439004336616	9.142778577825834e-7	0.0005475762055306249	9.143817846988046e-7
0.43012704174228675136116152450091	0.0005714716268234941	9.182449591288726e-7	0.0005498909621454277	9.182733319679466e-7
0.4319419237749546279491833030853	0.0005740106696103054	9.222381864507647e-7	0.000552398963362276	9.222004908825721e-7
0.43375680580762250453720508166969	0.0005764598634509638	9.261761298072594e-7	0.0005548210416354741	9.262308178889643e-7
0.43557168784029038112522686025408	0.0005788180597988777	9.29893784948221e-7	0.0005571560793461704	9.301291961994358e-7
0.43738656987295825771324863883848	0.0005810841272638189	9.337289341256901e-7	0.0005594029751846065	9.338178369152823e-7
0.43920145190562613430127041742287	0.0005832782188990122	9.374500385577244e-7	0.0005615606444956404	9.37675808404623e-7
0.44101633393829401088929219600726	0.0005858847012791976	9.414900356326742e-7	0.000563740528145919	9.414600900318713e-7
0.44283121597096188747731397459165	0.0005884533900406323	9.454319301830444e-7	0.0005662785991391097	9.454594644777538e-7
0.44464609800362976406533575317604	0.0005909301710983543	9.494341853228963e-7	0.0005687287694330636	9.494319769812524e-7
0.44646098003629764065335753176044	0.0005933138907214735	9.531971693213795e-7	0.0005710899161593178	9.534009297674151e-7
0.44827586206896551724137931034483	0.0005956034126831828	9.569909003124397e-7	0.0005733609330925064	9.571345074703632e-7
0.45009074410163339382940108892922	0.0005977976186180538	9.607185615982533e-7	0.0005755407309967955	9.609516877704118e-7
0.45190562613430127041742286751361	0.0006002872736521901	9.647144731029562e-7	0.0005776448816081842	9.646363584747747e-7
0.453720508166969147005444646098	0.0006028868851269982	9.686168820767384e-7	0.0005801484152558917	9.68698297332686e-7
0.4555353901996370235934664246824	0.0006053925318701981	9.726722862258292e-7	0.0005826279062766565	9.726260408077478e-7
0.45735027223230490018148820326679	0.0006078030547373622	9.765037820717122e-7	0.0005850163923375043	9.766531969091403e-7
0.45916515426497277676950998185118	0.0006101173124354826	9.80232735495008e-7	0.0005873127620767512	9.80442423500844e-7
0.46098003629764065335753176043557	0.0006123341818813289	9.840308726824532e-7	0.0005895159214569399	9.84207935331088e-7
0.46279491833030852994555353901996	0.0006146787805538122	9.879167865201483e-7	0.0005916247941089399	9.87962395889776e-7
0.46460980036297640653357531760436	0.0006173105908667632	9.918518362086367e-7	0.0005940078698493396	9.919155039946011e-7
0.46642468239564428312159709618875	0.0006198463812529684	9.958889780076734e-7	0.0005965179097350905	9.958071647606028e-7
0.46823956442831215970961887477314	0.0006222849869252555	9.997929292969367e-7	0.0005989349649807678	9.99884542736257e-7
0.47005444646098003629764065335753	0.0006246252612949478	1.0034704912789106e-6	0.000601257918867812	1.0037455561198898e-6
0.47186932849364791288566243194192	0.0006268660763312435	1.0073249858602161e-6	0.0006034856723363022	1.0074430639771018e-6
0.47368421052631578947368421052632	0.0006290586588192525	1.0110954915048069e-6	0.0006056171443299646	1.0112707354031119e-6
0.47549909255898366606170598911071	0.0006317239434408476	1.0151080933085598e-6	0.0006078564212628397	1.0151095996016134e-6
0.4773139745916515426497277676951	0.000634291154876337	1.0190828066532284e-6	0.0006103982375450922	1.0190781323710316e-6
0.47912885662431941923774954627949	0.0006367591224667678	1.0230625565785475e-6	0.0006128450913182948	1.0230935128048577e-6
0.48094373865698729582577132486388	0.0006391266940983249	1.0267887232029797e-6	0.0006151958602865514	1.0270296574335729e-6
0.48275862068965517241379310344828	0.0006413927365629611	1.030599413356027e-6	0.0006174494401466458	1.0307239879978194e-6
0.48457350272232304900181488203267	0.0006435581999085634	1.0342744697761378e-6	0.0006196047449341388	1.0345598888851488e-6
0.48638838475499092558983666061706	0.0006461263792282921	1.038342668379624e-6	0.0006216995775189211	1.0382790998931344e-6
0.48820326678765880217785843920145	0.0006487262885278082	1.0422706915108062e-6	0.0006242683476253883	1.0423279162869237e-6
0.49001814882032667876588021778584	0.0006512248966609067	1.0463112087169584e-6	0.0006267462287224909	1.046283320093954e-6
0.49183303085299455535390199637024	0.0006536210457594037	1.0500983744974118e-6	0.0006291260432582077	1.0502932718642508e-6
0.49364791288566243194192377495463	0.0006559135972083227	1.0538526677660286e-6	0.0006314066814653312	1.0540380158047066e-6
0.49546279491833030852994555353902	0.0006581014320037543	1.0576028509924376e-6	0.0006335870522502705	1.0578283685860545e-6
0.49727767695099818511796733212341	0.000660517334821031	1.061554076220779e-6	0.0006356660835364752	1.0615314306475296e-6
0.4990925589836660617059891107078	0.0006631512181673942	1.0654511664465694e-6	0.0006381276980907197	1.065555030840455e-6
0.5009074410163339382940108892922	0.0006656817449389235	1.0695374310065836e-6	0.000640637834723056	1.069466775735268e-6
0.50272232304900181488203266787659	0.0006681077512837938	1.0734016077803388e-6	0.0006430479248265697	1.0735349442725454e-6
0.50453720508166969147005444646098	0.0006704280929505969	1.0770832621204242e-6	0.0006453568529494835	1.077352809970688e-6
0.50635208711433756805807622504537	0.0006726416456472408	1.0809119931111967e-6	0.0006475635226481002	1.081074687076247e-6
0.50816696914700544464609800362976	0.0006748962470385046	1.0847408322721365e-6	0.0006496668568313778	1.084855611778532e-6
0.50998185117967332123411978221416	0.0006775653799423762	1.0887201308505429e-6	0.0006519757472660752	1.0887579909620148e-6
0.51179673321234119782214156079855	0.0006801291028789163	1.0927397692270341e-6	0.0006545193670211306	1.0926897736085017e-6
0.51361161524500907441016333938294	0.0006825862457836135	1.0966843010380052e-6	0.0006569609621680736	1.096753220000488e-6
0.51542649727767695099818511796733	0.0006849356585391213	1.1003695528561578e-6	0.0006592994113500037	1.1006507732861383e-6
0.51724137931034482758620689655172	0.0006871762113354599	1.1042004080164068e-6	0.0006615336125523417	1.104301753335631e-6
0.51905626134301270417422867513612	0.0006893322746948816	1.1079014525489157e-6	0.0006636624834483849	1.108159565481858e-6
0.52087114337568058076225045372051	0.0006919682102018508	1.1119663703346529e-6	0.0006658119537006153	1.1119353122006916e-6
0.5226860254083484573502722323049	0.0006945664062205178	1.115923394990983e-6	0.0006683902835033596	1.1159520354825311e-6
0.52450090744101633393829401088929	0.0006970559644921047	1.119944998798618e-6	0.0006708646126058635	1.1199466449196093e-6
0.52631578947368421052631578947368	0.0006994357288040235	1.1236843263152939e-6	0.0006732338135257768	1.1239272294330574e-6
0.52813067150635208711433756805808	0.0007017045635986907	1.1274666079689025e-6	0.0006754967784568387	1.1276319064219585e-6
0.52994555353901996370235934664247	0.000703861354330679	1.13116293218521e-6	0.0006776524196156762	1.1314418036412467e-6
0.53176043557168784029038112522686	0.000706359145511436	1.1351883994478243e-6	0.0006797195961150989	1.1350875621872357e-6
0.53357531760435571687840290381125	0.000708993090879555	1.13909875735571e-6	0.0006822500422559464	1.1391905849211028e-6
0.53539019963702359346642468239564	0.0007115163427784027	1.1431822460583655e-6	0.000684758333623936	1.1431306445103493e-6
0.53720508166969147005444646098004	0.0007139277386709256	1.1470008660684586e-6	0.0006871595164577021	1.1471807229839897e-6
0.53901996370235934664246823956443	0.0007162261370223292	1.1507091056938394e-6	0.0006894524769386726	1.1509496585282904e-6
0.54083484573502722323049001814882	0.0007184104176584984	1.1544886288908326e-6	0.0006916361216058308	1.1547008385402175e-6
0.54264972776769509981851179673321	0.0007207376226679807	1.1583847334087336e-6	0.0006937093776996186	1.1584291105926608e-6
0.5444646098003629764065335753176	0.0007234085929627137	1.1623248207737933e-6	0.0006960981015787434	1.1624039365679057e-6
0.546279491833030852994555353902	0.0007259668161621388	1.1663945883604824e-6	0.0006986415828811937	1.166295902994984e-6
0.54809437386569872958257713248639	0.0007284111231755387	1.1702981193660441e-6	0.0007010759772628153	1.1704097990083758e-6
0.54990925589836660617059891107078	0.0007307403662614331	1.1739383513869844e-6	0.0007034001646722346	1.1742629779550032e-6
0.55172413793103448275862068965517	0.0007329534193872042	1.177792557130164e-6	0.0007056130457499123	1.177935182869579e-6
0.55353901996370235934664246823956	0.0007351038336303272	1.1815538880428807e-6	0.0007077135421732349	1.1817493904275442e-6
0.55535390199637023593466424682396	0.0007378123487822903	1.1855842514187484e-6	0.000709933919999415	1.1855906057882675e-6
0.55716878402903811252268602540835	0.0007404068203281845	1.1895805718041006e-6	0.0007125138182255362	1.1895693273222577e-6
0.55898366606170598911070780399274	0.0007428853174784844	1.1935723569933473e-6	0.0007149826532084019	1.193613003134311e-6
0.56079854809437386569872958257713	0.0007452466860556192	1.1972699523023145e-6	0.000717339298443379	1.1975537701067903e-6
0.56261343012704174228675136116152	0.000747489793938701	1.2010732288059333e-6	0.000719582648451604	1.2012142776905434e-6
0.56442831215970961887477313974592	0.000749616294700175	1.204709789602974e-6	0.0007217116191263199	1.2050469132206518e-6
0.56624319419237749546279491833031	0.0007522037948707313	1.2088184286799183e-6	0.0007237707746295556	1.2087491085930578e-6
0.5680580762250453720508166969147	0.0007548357911412693	1.2127584362940168e-6	0.000726374497707968	1.212820838552372e-6
0.56987295825771324863883847549909	0.0007573497568798608	1.2168221236411921e-6	0.0007288790017260703	1.2167926128059159e-6
0.57168784029038112522686025408348	0.0007597445312435598	1.2205894049636343e-6	0.0007312693351634713	1.2208205792665007e-6
0.57350272232304900181488203266788	0.0007620189757935573	1.2243291562879588e-6	0.000733544386201324	1.224540251050465e-6
0.57531760435571687840290381125227	0.0007641719748529238	1.2280535663681422e-6	0.0007357030647276675	1.2283201908828308e-6
0.57713248638838475499092558983666	0.0007665823679953696	1.2320258674689862e-6	0.0007377443026807159	1.2319899049575255e-6
0.57894736842105263157894736842105	0.000769253164660712	1.2359208356733647e-6	0.000740223079596683	1.2360461087805738e-6
0.58076225045372050816696914700544	0.0007718038768340155	1.2400459645779764e-6	0.000742764480425864	1.2399670337832975e-6
0.58257713248638838475499092558984	0.0007742333367777855	1.2439027122976905e-6	0.000745189731883541	1.244061950185919e-6
0.58439201451905626134301270417423	0.0007765403995057908	1.2475588523941852e-6	0.000747497715590318	1.2478649720849537e-6
0.58620689655172413793103448275862	0.0007787239431420031	1.2513745336966707e-6	0.0007496873352081086	1.2515677358135613e-6
0.58802177858439201451905626134301	0.0007809475051730421	1.2552050833956489e-6	0.0007517575167847023	1.2553280366342637e-6
0.5898366606170598911070780399274	0.0007836583771549992	1.2591949841611111e-6	0.0007540590223911198	1.2592436530482576e-6
0.5916515426497277676950998185118	0.0007862471129641012	1.2632424256060966e-6	0.0007566385471103626	1.263178464183342e-6
0.59346642468239564428312159709619	0.0007887125377393231	1.267191983967562e-6	0.0007590999458084047	1.2672764282358031e-6
0.59528130671506352087114337568058	0.00079105349971749	1.2708437429469742e-6	0.0007614420933248167	1.2711715944355559e-6
0.59709618874773139745916515426497	0.0007932688705937095	1.2746712030797228e-6	0.0007636638868745765	1.274788060885005e-6
0.59891107078039927404718693284936	0.0007953873389615283	1.2783545927914438e-6	0.0007657642463938678	1.2786423700547354e-6
0.60072595281306715063520871143376	0.0007980508651165161	1.2824428363476515e-6	0.0007678817848360627	1.2824119871572629e-6
0.60254083484573502722323049001815	0.0008006789010768916	1.286415898106232e-6	0.0007705006597887595	1.286444464119284e-6
0.60435571687840290381125226860254	0.0008031815693523733	1.2904557643137683e-6	0.0007729994343106764	1.2904625593723163e-6
0.60617059891107078039927404718693	0.0008055577111735756	1.2941703485091905e-6	0.0007753769762400492	1.2944532135618847e-6
0.60798548094373865698729582577132	0.0008078061915770041	1.2979420865356802e-6	0.0007776321761241918	1.298127901319261e-6
0.60980036297640653357531760435572	0.0008099258997621221	1.3016054787669692e-6	0.0007797639475665948	1.3019314167460622e-6
0.61161524500907441016333938294011	0.0008124300652762817	1.3056629068751082e-6	0.0007817945342681744	1.3055496276701879e-6
0.6134301270417422867513611615245	0.000815098677177423	1.3095821139942097e-6	0.0007843502766909136	1.309683179899264e-6
0.61524500907441016333938294010889	0.0008176398669991137	1.31369259833691e-6	0.0007868876549449317	1.313636460518479e-6
0.61705989110707803992740471869328	0.0008200524687365083	1.3174967806004463e-6	0.0007893018213144237	1.3177083739281004e-6
0.61887477313974591651542649727768	0.0008223353405379286	1.3211856965682544e-6	0.0007915916594584385	1.3214554564095175e-6
0.62068965517241379310344827586207	0.0008244873650632409	1.3249450107395142e-6	0.0007937560764267891	1.3251936887376361e-6
0.62250453720508166969147005444646	0.0008267954146183837	1.3288537110925638e-6	0.0007957940030039104	1.3288941771763718e-6
0.62431941923774954627949183303085	0.000829505877483552	1.332797241064987e-6	0.0007981868562814341	1.3328931263239262e-6
0.62613430127041742286751361161525	0.0008320868662341537	1.3369010315610965e-6	0.0008007640654617242	1.336791147204803e-6
0.62794918330308529945553539019964	0.0008345372074008607	1.340802580370899e-6	0.000803216085683577	1.3409356205882845e-6
0.62976406533575317604355716878403	0.0008368557520142607	1.3444043914486635e-6	0.0008055417934972272	1.3447794030301933e-6
0.63157894736842105263157894736842	0.0008390413759647812	1.3482592037178405e-6	0.0008077400891779654	1.3484276985599948e-6
0.63339382940108892921960072595281	0.000841156436006389	1.352013765028813e-6	0.0008098098970712315	1.352226847031423e-6
0.63520871143375680580762250453721	0.0008438999384407829	1.3560602949764617e-6	0.0008120098572738105	1.356072818885083e-6
0.6370235934664246823956442831216	0.000846522002799443	1.3600796101288977e-6	0.000814628123821785	1.3600601339676856e-6
0.63883847549909255898366606170599	0.0008490113623080975	1.3640818686933393e-6	0.0008171192266544924	1.3641334991753994e-6
0.64065335753176043557168784029038	0.0008513668606502948	1.3677498043436642e-6	0.0008194820349930479	1.3680773264205476e-6
0.64246823956442831215970961887477	0.0008535873667171686	1.371546569285073e-6	0.0008217154421173789	1.3717029210602957e-6
0.64428312159709618874773139745917	0.0008556753328861742	1.3751430395799803e-6	0.0008238183657128021	1.3755331888452437e-6
0.64609800362976406533575317604356	0.0008582802967368101	1.3792945241377226e-6	0.0008258422311770361	1.379220773877939e-6
0.64791288566243194192377495462795	0.0008609447126387832	1.3832474201946044e-6	0.0008284792882100396	1.38331382228139e-6
0.64972776769509981851179673321234	0.0008634743687612554	1.3873331902091629e-6	0.0008310107017196559	1.3873028754931894e-6
0.65154264972776769509981851179673	0.0008658681012114296	1.3910790251797952e-6	0.0008334118408450362	1.3913477706699478e-6
0.65335753176043557168784029038113	0.0008681247716515442	1.3948056195584604e-6	0.0008356815916501126	1.3950412830014185e-6
0.65517241379310344827586206896552	0.0008702432676565759	1.3985026615272503e-6	0.000837818864939012	1.3988117142233005e-6
0.65698729582577132486388384754991	0.0008726463893162035	1.4024984436137155e-6	0.000839822596599089	1.402446485262502e-6
0.6588021778584392014519056261343	0.0008753544319125665	1.406393087627008e-6	0.0008423170170496818	1.40653769792307e-6
0.66061705989110707803992740471869	0.0008779256622395814	1.4105550901753748e-6	0.000844889968571048	1.4104687048950395e-6
0.66243194192377495462794918330309	0.0008803589085989919	1.4144028469488056e-6	0.0008473306681130875	1.4145892805390192e-6
0.66424682395644283121597096188748	0.0008826530251945533	1.4180348671508584e-6	0.0008496379943031892	1.4183758965695052e-6
0.66606170598911070780399274047187	0.0008848068924912552	1.4218359037037544e-6	0.0008518108508433801	1.422060935341928e-6
0.66787658802177858439201451905626	0.0008869976533950866	1.4256705691205629e-6	0.0008538481668546525	1.4257990171355258e-6
0.66969147005444646098003629764065	0.000889750597012456	1.4296694770194684e-6	0.0008561407690162771	1.4297302760850889e-6
0.67150635208711433756805807622505	0.0008923646784132342	1.433746114385528e-6	0.0008587564851142837	1.4336665204529867e-6
0.67332123411978221415607985480944	0.0008948387178647665	1.4376991373794184e-6	0.0008612379740319374	1.4378004013073759e-6
0.67513611615245009074410163339383	0.0008971715618829218	1.4413163137606723e-6	0.000863584106739713	1.4416916183540678e-6
0.67695099818511796733212341197822	0.0008993620835927893	1.4451412773117332e-6	0.0008657937796166117	1.4452793649288782e-6
0.67876588021778584392014519056261	0.0009014433879182359	1.4488094173044232e-6	0.0008678659147961209	1.4491241799632232e-6
0.68058076225045372050816696914701	0.0009041326445760157	1.4529193916768658e-6	0.000869950003051793	1.4528900727693129e-6
0.6823956442831215970961887477314	0.0009067908531579879	1.4569093981140663e-6	0.0008726097094826925	1.4569367082238138e-6
0.68421052631578947368421052631579	0.0009093069642258483	1.4609664407466444e-6	0.0008751332160253027	1.4609796790587027e-6
0.68602540834845735027223230490018	0.0009116798163782268	1.4646551945018516e-6	0.0008775193857728865	1.464978840870507e-6
0.68784029038112522686025408348457	0.0009139082751706287	1.4684172940014773e-6	0.0008797671075607705	1.468622450624331e-6
0.68965517241379310344827586206897	0.0009159912334723184	1.4720461593431672e-6	0.0008818752963137554	1.4724204849354717e-6
0.69147005444646098003629764065336	0.0009185000115013948	1.47613795334772e-6	0.0008838696753962835	1.476015604862889e-6
0.69328493647912885662431941923775	0.0009212036225698923	1.48006691060923e-6	0.0008864491000514437	1.480176040158511e-6
0.69509981851179673321234119782214	0.0009237630830791991	1.4842033019019536e-6	0.0008890158517199651	1.4841434473087933e-6
0.69691470054446460980036297640653	0.0009261772234815839	1.487991484526484e-6	0.0008914432883802617	1.488236108499088e-6
0.69872958257713248638838475499093	0.0009284449015333196	1.4916624660449256e-6	0.0008937302911033696	1.4919597758761528e-6
0.70054446460980036297640653357532	0.0009305650026531907	1.495399976162398e-6	0.0008958757673844387	1.4956864438009706e-6
0.70235934664246823956442831215971	0.0009328521349619116	1.4993236774644945e-6	0.0008978786514862879	1.4993575535296381e-6
0.7041742286751361161524500907441	0.0009356024229798523	1.5032690549258037e-6	0.0009002741154515107	1.5033830310884256e-6
0.70598911070780399274047186932849	0.0009382065100163363	1.5074082663372128e-6	0.0009028853389597911	1.5072880052622714e-6
0.70780399274047186932849364791289	0.0009406632181482546	1.5113062710140758e-6	0.000905355271717671	1.5114619661707677e-6
0.70961887477313974591651542649728	0.0009429713971031878	1.5148753063089033e-6	0.0009076827868114745	1.5152947900574126e-6
0.71143375680580762250453720508167	0.0009451299246194609	1.5187248835289877e-6	0.0009098667840857303	1.518920568882485e-6
0.71324863883847549909255898366606	0.0009472101936244674	1.5224750803633806e-6	0.0009119061904883831	1.5227030630774703e-6
0.71506352087114337568058076225045	0.0009499866909684325	1.5265361818681761e-6	0.0009140842145838595	1.5265561967393857e-6
0.71687840290381125226860254083485	0.0009526366808380916	1.5305798803819232e-6	0.0009167411358199379	1.5305505101288568e-6
0.71869328493647912885662431941924	0.000955137235502481	1.5345910504308929e-6	0.0009192547931334936	1.5346549596389323e-6
0.72050816696914700544464609800363	0.0009574871964310781	1.5382282378660177e-6	0.0009216240514058142	1.5386002850808976e-6
0.72232304900181488203266787658802	0.000959685433451974	1.5420193926946664e-6	0.0009238478026100765	1.5421898765646524e-6
0.72413793103448275862068965517241	0.0009617352906682027	1.5455906792379991e-6	0.0009259249661581168	1.5460186736402696e-6
0.72595281306715063520871143375681	0.0009643558633804204	1.5497709126894392e-6	0.0009279139264944235	1.5496940536069983e-6
0.7277676950998185117967332123412	0.0009670530315692634	1.553737601754497e-6	0.0009305827006208327	1.553806825344358e-6
0.72958257713248638838475499092559	0.0009695987108520534	1.5578443672235492e-6	0.0009331413101825939	1.557814066688923e-6
0.73139745916515426497277676950998	0.0009719917342110354	1.5615671939631257e-6	0.0009355535417748618	1.5618748048925499e-6
0.73321234119782214156079854809437	0.0009742309633343591	1.5652820154664305e-6	0.0009378182792788118	1.5655410701953033e-6
0.73502722323049001814882032667877	0.0009763152889737883	1.5689500943510396e-6	0.0009399344343490799	1.5693028965059502e-6
0.73684210526315789473684210526316	0.0009787093773395163	1.5729717624994365e-6	0.0009419009467565828	1.5729011294755317e-6
0.73865698729582577132486388384755	0.0009814549984731448	1.5768730287320576e-6	0.0009444094919422935	1.577029756173756e-6
0.74047186932849364791288566243194	0.0009840470797029984	1.5810647665090578e-6	0.0009470142806405394	1.5809717475903984e-6
0.74228675136116152450090744101633	0.000986484445294945	1.5849019704215133e-6	0.0009494707149889978	1.5851168940784547e-6
0.74410163339382940108892921960073	0.0009887659485676508	1.588511264297181e-6	0.0009517776705563593	1.5888855422286203e-6
0.74591651542649727767695099818512	0.0009908904722519365	1.592296061032368e-6	0.0009539340510191029	1.5925542435991775e-6
0.74773139745916515426497277676951	0.0009930466702629767	1.5961372472651221e-6	0.0009559387885059132	1.5962685112118259e-6
0.7495462794918330308529945553539	0.000995842018066439	1.6001435672352076e-6	0.0009582209686376195	1.6002178179841956e-6
0.75136116152450090744101633393829	0.0009984817777743404	1.6042507942593518e-6	0.0009608731625176267	1.6041539003183547e-6
0.75317604355716878402903811252269	0.0010009647647073034	1.6082057199806924e-6	0.0009633750283145783	1.608325098012079e-6
0.75499092558983666061705989110708	0.0010032898235850926	1.6117872237401796e-6	0.0009657254330643191	1.612210803826366e-6
0.75680580762250453720508166969147	0.0010054558288876926	1.6156105885004998e-6	0.0009679232722443373	1.6157712274974406e-6
0.75862068965517241379310344827586	0.0010075003977723794	1.6192658838554128e-6	0.0009699674701198202	1.6196049531522158e-6
0.76043557168784029038112522686025	0.0010102135271336952	1.6233959940865304e-6	0.0009720165898476199	1.6233695269752358e-6
0.76225045372050816696914700544465	0.0010129022410126625	1.6274038534062988e-6	0.0009747174140729507	1.6274287257391557e-6
0.76406533575317604355716878402904	0.0010154321276598214	1.6314769867037117e-6	0.0009772659392279907	1.6314979627748484e-6
0.76588021778584392014519056261343	0.0010178020229667476	1.6351388226550504e-6	0.0009796610235955293	1.6355040701614457e-6
0.76769509981851179673321234119782	0.0010200107929328184	1.6388921881248625e-6	0.0009819015542333728	1.6391155128963214e-6
0.76950998185117967332123411978221	0.0010220573340219573	1.6424849316722403e-6	0.0009839864473220213	1.6429089661372463e-6
0.77132486388384754990925589836661	0.0010245689627420532	1.646613496588294e-6	0.000985944998818277	1.646483400307233e-6
0.773139745916515426497277676951	0.0010273079056068652	1.6505531055117978e-6	0.0009885464938285402	1.6506691235835437e-6
0.77495462794918330308529945553539	0.0010298859695661697	1.654714315332227e-6	0.0009911429054298086	1.6546515633845957e-6
0.77676950998185117967332123411978	0.0010323019814542623	1.6584849364142155e-6	0.0009935838991282475	1.6587638854218161e-6
0.77858439201451905626134301270417	0.0010345547985602607	1.6621393719158956e-6	0.0009958683533413616	1.662462575693716e-6
0.78039927404718693284936479128857	0.0010366433089867013	1.6658534829666455e-6	0.0009979951759439972	1.6661790616294107e-6
0.78221415607985480943738656987296	0.0010389077622559232	1.6697945903558184e-6	0.0009999633046118448	1.6698191975620366e-6
0.78402903811252268602540834845735	0.0010416982080028094	1.6737402202329742e-6	0.0010023598605834085	1.6738736087942801e-6
0.78584392014519056261343012704174	0.0010443257260566612	1.6779162514353824e-6	0.0010050053848588896	1.6777864357088326e-6
0.78765880217785843920145190562613	0.0010467891339655025	1.6818091500787638e-6	0.001007493516840169	1.6819887945595387e-6
0.78947368421052631578947368421053	0.0010490872800787534	1.6853506526034535e-6	0.0010098231260841205	1.685809097819801e-6
0.79128856624319419237749546279492	0.0010512190439075546	1.6891895544003364e-6	0.0010119931119389907	1.6894137517629737e-6
0.79310344827586206896551724137931	0.0010532650848602552	1.6929377918877912e-6	0.0010140024038896096	1.6931779964887365e-6
0.7949183303085299455535390199637	0.0010560725849179738	1.6970118699333996e-6	0.0010161569734275576	1.6970406972461371e-6
0.79673321234119782214156079854809	0.0010587508329928607	1.7010813413109213e-6	0.0010188528357063622	1.7010404137311335e-6
0.79854809437386569872958257713249	0.0010612629156092621	1.705099860926005e-6	0.0010213893341225974	1.7051773432753207e-6
0.80036297640653357531760435571688	0.0010636076719475526	1.7087052113369594e-6	0.0010237653291522597	1.709122604874323e-6
0.80217785843920145190562613430127	0.0010657839726976345	1.7124916568665913e-6	0.0010259797113962123	1.7126751027327932e-6
0.80399274047186932849364791288566	0.0010677961442361779	1.7160416186775776e-6	0.0010280314019272205	1.7165033255161943e-6
0.80580762250453720508166969147005	0.0010704304733561113	1.7202475521226395e-6	0.0010299858399045148	1.7201689057086596e-6
0.80762250453720508166969147005445	0.0010731607264823286	1.724228939341171e-6	0.0010326847164298012	1.7242998056063758e-6
0.80943738656987295825771324863884	0.0010757227616999614	1.728355613310283e-6	0.0010352708085944876	1.728328078132481e-6
0.81125226860254083484573502722323	0.0010781154087911387	1.7320538699540502e-6	0.001037694419425229	1.7324016406321065e-6
0.81306715063520871143375680580762	0.0010803375293948249	1.7357583018672698e-6	0.0010399544305549045	1.7360395711036873e-6
0.81488203266787658802177858439201	0.001082388017364437	1.739395822721513e-6	0.0010420497544230956	1.7397936956181593e-6
0.81669691470054446460980036297641	0.0010847713106218728	1.7434457820087144e-6	0.001043979334618696	1.7433537955161896e-6
0.8185117967332123411978221415608	0.0010875548428932594	1.7473545689505638e-6	0.0010465004857673084	1.74752224143914e-6
0.82032667876588021778584392014519	0.0010901681077723107	1.751574952342888e-6	0.0010491373981165834	1.7514761204016127e-6
0.82214156079854809437386569872958	0.0010926099254139187	1.7554000414915108e-6	0.00105160985398552	1.7556447496122881e-6
0.82395644283121597096188747731397	0.0010948791481765318	1.7589880016538084e-6	0.001053916725818524	1.7593938678191701e-6
0.82577132486388384754990925589837	0.001096974660981705	1.7627549635221751e-6	0.001056056917201018	1.7630476184811594e-6
0.82758620689655172413793103448276	0.0010990945343354922	1.7666050757043196e-6	0.0010580293632037675	1.7667364767667344e-6
0.82940108892921960072595281306715	0.0011019326188691208	1.7706172126703614e-6	0.0010602996027514872	1.7707062366488878e-6
0.83121597096188747731397459165154	0.0011045983895959666	1.7747564239592224e-6	0.001062988560805456	1.7746405616835537e-6
0.83303085299455535390199637023593	0.001107090656814846	1.7787116905058293e-6	0.0010655110901326532	1.7788504771060314e-6
0.83484573502722323049001814882033	0.001109408263374292	1.7822564313967503e-6	0.0010678660537687475	1.782729109635092e-6
0.83666061705989110707803992740472	0.0011115500850340542	1.7860790945434092e-6	0.0010700523462241571	1.7862636064727808e-6
0.83847549909255898366606170598911	0.0011135583447193977	1.7897239503607378e-6	0.0010720688938302108	1.7900846475262609e-6
0.8402903811252268602540834845735	0.0011162934913433332	1.7938726014569873e-6	0.0010740815267236126	1.793850307656679e-6
0.84210526315789473684210526315789	0.0011190130431902407	1.7978992224720634e-6	0.001076823755047614	1.7979204745406538e-6
0.84392014519056261343012704174229	0.0011215570382021847	1.80198736094744e-6	0.0010793975853973766	1.8020173692625701e-6
0.84573502722323049001814882032668	0.001123924309488569	1.8056211915172288e-6	0.0010818018711796968	1.8060288601650245e-6
0.84754990925589836660617059891107	0.0011261137234175264	1.8093667268168803e-6	0.001084035497609299	1.8096070466142638e-6
0.84936479128856624319419237749546	0.0011281241799725554	1.8129217536961182e-6	0.001086097382056852	1.8133968182571007e-6
0.85117967332123411978221415607985	0.0011306368975539844	1.8170894945417016e-6	0.0010880204838428123	1.8169529718993606e-6
0.85299455535390199637023593466425	0.0011334115048387936	1.8210406572820948e-6	0.0010906424395135715	1.8211623880807103e-6
0.85480943738656987295825771324864	0.0011360085050082028	1.8252255974625068e-6	0.0010932687975556705	1.8251607672855695e-6
0.85662431941923774954627949183303	0.001138426721203389	1.8289770951041272e-6	0.001095723635031915	1.8292916634911412e-6
0.85843920145190562613430127041742	0.001140665010171256	1.832616372105414e-6	0.0010980058276408048	1.8329638146510106e-6
0.86025408348457350272232304900181	0.0011427222626229617	1.8363054890932098e-6	0.0011001142835713074	1.8366715001394812e-6
0.86206896551724137931034482758621	0.001144962275058352	1.8402664076521084e-6	0.0011020479438463588	1.840279067195912e-6
0.8638838475499092558983666061706	0.0011477932111042099	1.8442106948262875e-6	0.0011044440731719347	1.8443648173542351e-6
0.86569872958257713248638838475499	0.0011504444929037428	1.848424945543812e-6	0.0011071241846429228	1.848286397047166e-6
0.86751361161524500907441016333938	0.0011529149334010293	1.852311176234273e-6	0.0011096308025266095	1.8525160644896978e-6
0.86932849364791288566243194192377	0.0011552033794922257	1.855826542982668e-6	0.0011119627927849048	1.8563222850817105e-6
0.87114337568058076225045372050817	0.0011573087123861402	1.8596531742501878e-6	0.0011141190542041655	1.8599072050912788e-6
0.87295825771324863883847549909256	0.0011593210880655764	1.8634018574959872e-6	0.0011160985187405818	1.8636516051716306e-6
0.87477313974591651542649727767695	0.0011621575988427486	1.8674873170323333e-6	0.0011182281153034324	1.867526278350211e-6
0.87658802177858439201451905626134	0.0011648644378130268	1.8715839515774962e-6	0.0011209632049679341	1.8715298026813134e-6
0.87840290381125226860254083484574	0.0011673883811767248	1.8756082588566948e-6	0.001123522831099626	1.8757006088924394e-6
0.88021778584392014519056261343013	0.0011697282657499653	1.8791806831867494e-6	0.0011259058497036665	1.8796442445746644e-6
0.88203266787658802177858439201452	0.0011718829630093428	1.8829633196870465e-6	0.0011281111499430306	1.8831585580921178e-6
0.88384754990925589836660617059891	0.0011738578697679982	1.8864943618377864e-6	0.0011301376544858585	1.8869871023819995e-6
0.8856624319419237749546279491833	0.0011765041052189604	1.8907244003471448e-6	0.0011320580862905693	1.8906452881012826e-6
0.8874773139745916515426497277677	0.0011792677759282643	1.8947213915142962e-6	0.001134785317127018	1.8947927210306946e-6
0.88929219600725952813067150635209	0.0011818464998533894	1.8988668872466158e-6	0.001137399178435602	1.898843843317961e-6
0.89110707803992740471869328493648	0.0011842391035012862	1.9025390119183575e-6	0.0011398344552691327	1.9029282366817823e-6
0.89292196007259528130671506352087	0.0011864444483866013	1.9062344366260055e-6	0.0011420900269466514	1.906536744271028e-6
0.89473684210526315789473684210526	0.0011884614313893308	1.909839804512832e-6	0.0011441648066271063	1.910284069467151e-6
0.89655172413793103448275862068966	0.0011908321677203538	1.9139204600402177e-6	0.0011460577416517778	1.913804441270969e-6
0.89836660617059891107078039927405	0.0011936539437243082	1.9178376667910688e-6	0.0011485899800181259	1.918015111605164e-6
0.90018148820326678765880217785844	0.0011962887249962206	1.922085606420366e-6	0.0011512593024820752	1.9219817818008716e-6
0.90199637023593466424682395644283	0.0011987353275048887	1.9258970188686823e-6	0.001153748066577524	1.9261728058379983e-6
0.90381125226860254083484573502722	0.00120099260257346	1.9294650371623517e-6	0.0011560551415591216	1.9299008320668715e-6
0.90562613430127041742286751361162	0.0012030594372391113	1.9332125691114676e-6	0.0011581794308556381	1.9335410178155947e-6
0.90744101633393829401088929219601	0.0012051412241719792	1.937074012400749e-6	0.0011601198724143493	1.9372028716569234e-6
0.9092558983666061705989110707804	0.0012080223779733323	1.941090371291462e-6	0.0011623766528548467	1.941195489947669e-6
0.91107078039927404718693284936479	0.0012107144924274316	1.945262962334398e-6	0.0011651026614635269	1.945126462423745e-6
0.91288566243194192377495462794918	0.0012132163727361514	1.949217007766984e-6	0.0011676461409631984	1.9493764972951945e-6
0.91470054446460980036297640653358	0.0012155268598017304	1.9527238952478456e-6	0.0011700059503238765	1.9532464944624767e-6
0.91651542649727767695099818511797	0.001217644830588542	1.9565467533656484e-6	0.0011721809830233124	1.956756459693139e-6
0.91833030852994555353901996370236	0.0012196172049429848	1.960183574751277e-6	0.0011741701673934047	1.9605632209229922e-6
0.92014519056261343012704174228675	0.0012223725157595297	1.9643491717557814e-6	0.0011761447951805057	1.9643323727107162e-6
0.92196007259528130671506352087114	0.0012251232382409008	1.9683975018017898e-6	0.0011789287138954652	1.9684119124947715e-6
0.92377495462794918330308529945554	0.001227681674401692	1.97249752227553e-6	0.0011815281360128076	1.9725378572551036e-6
0.92558983666061705989110707803993	0.0012300466544940194	1.9761022595930326e-6	0.0011839419099978384	1.9765531696040816e-6
0.92740471869328493647912885662432	0.0012322170451796548	1.979840868005992e-6	0.0011861689191566477	1.9800970102553993e-6
0.92921960072595281306715063520871	0.0012341917498865445	1.983356583337146e-6	0.001188208081984482	1.9838839991276477e-6
0.9310344827586206896551724137931	0.0012367037944936243	1.987565905135075e-6	0.0011900961097686372	1.9874242775355036e-6
0.9328493647912885662431941923775	0.0012395143988168382	1.991529524419873e-6	0.0011927369185985239	1.9916557915105184e-6
0.93466424682395644283121597096189	0.0012421306679541774	1.995737107027477e-6	0.0011953935095793987	1.9956710174484375e-6
0.93647912885662431941923774954628	0.0012445514212786168	1.999467919350519e-6	0.0011978624775655633	1.9998194014177938e-6
0.93829401088929219600725952813067	0.0012467755149196615	2.0030934245080756e-6	0.001200142695470916	2.00346345142815e-6
0.94010889292196007259528130671506	0.0012488018421220495	2.006755952431652e-6	0.0012022330717330189	2.0071637171473876e-6
0.94192377495462794918330308529946	0.001251015651927742	2.010739087293299e-6	0.001204132550656477	2.010737120266545e-6
0.94373865698729582577132486388385	0.0012538874108364933	2.014680436652545e-6	0.001206526734712512	2.01485661458421e-6
0.94555353901996370235934664246824	0.0012565627891069394	2.0189343074845256e-6	0.0012092417197964876	2.0187878477388682e-6
0.94736842105263157894736842105263	0.001259040595004088	2.022812308294232e-6	0.0012117671102532862	2.0230437346862585e-6
0.94918330308529945553539019963702	0.0012613196738957176	2.0263029353024e-6	0.0012141017683843045	2.026834310542928e-6
0.95099818511796733212341197822142	0.0012633989086132272	2.030115700982896e-6	0.0012162445923484982	2.030400886710697e-6
0.95281306715063520871143375680581	0.0012653781815686002	2.0338672351308136e-6	0.0012181945165077842	2.0341238469475898e-6
0.9546279491833030852994555353902	0.001268241711296733	2.0379624811348764e-6	0.0012202976217104784	2.0380128978474394e-6
0.95644283121597096188747731397459	0.001270977473848659	2.042087670081864e-6	0.0012230722250921489	2.0420186347877226e-6
0.95825771324863883847549909255898	0.0012735136107539864	2.046116203124591e-6	0.00122565526554306	2.0462247151583913e-6
0.96007259528130671506352087114338	0.0012758489563894579	2.0496546120182097e-6	0.0012280455945319927	2.050165162837885e-6
0.96188747731397459165154264972777	0.0012779823829432734	2.0534343390780755e-6	0.001230242099718539	2.053640201046341e-6
0.96370235934664246823956442831216	0.0012799204434299177	2.0569488666346464e-6	0.001232243705300627	2.0574699620263875e-6
0.96551724137931034482758620689655	0.0012825767375247718	2.0612014152878498e-6	0.001234131456097205	2.0611231585646224e-6
0.96733212341197822141560798548094	0.0012853741584580283	2.0652149167838223e-6	0.0012368844842030847	2.0652855293590144e-6
0.96914700544464609800362976406534	0.0012879699038615127	2.0693781478512733e-6	0.0012395264011868235	2.0693608895176192e-6
0.97096188747731397459165154264973	0.001290362796891828	2.07302257870572e-6	0.0012419736307802704	2.0734545517207883e-6
0.97277676950998185117967332123412	0.001292551698864211	2.0767103777156376e-6	0.001244225049923061	2.0770325480914525e-6
0.97459165154264972776769509981851	0.001294535509610135	2.080281997682738e-6	0.0012462795724279647	2.0807739758236644e-6
0.9764065335753176043557168784029	0.0012968919271927693	2.0843957544878558e-6	0.0012481361493230927	2.084253024556436e-6
0.9782214156079854809437386569873	0.001299752279518443	2.088322280766021e-6	0.0012506779561886822	2.088508324448611e-6
0.98003629764065335753176043557169	0.0013024089099242405	2.092596687514034e-6	0.0012533799752205	2.0924886902182183e-6
0.98185117967332123411978221415608	0.001304860630117744	2.0963928613746755e-6	0.0012558853342406293	2.0967010214574367e-6
0.98366606170598911070780399274047	0.0013071062903116507	2.099942328712974e-6	0.0012581928992483683	2.100406393683172e-6
0.98548094373865698729582577132486	0.0013091447795836643	2.1036688356979518e-6	0.001260301573450305	2.104034399463293e-6
0.98729582577132486388384754990926	0.0013111867183324966	2.107544015192564e-6	0.0012622102976046535	2.1076676537302144e-6
0.98911070780399274047186932849365	0.0013141112739326489	2.111563000925833e-6	0.0012644521004451272	2.1116855357103178e-6
0.99092558983666061705989110707804	0.001316830064818785	2.11577036802676e-6	0.00126721544597811	2.1156115603322115e-6
0.99274047186932849364791288566243	0.0013193418910207627	2.119721630437663e-6	0.0012697801622838737	2.1199031172872797e-6
0.99455535390199637023593466424682	0.0013216455914193946	2.1231895737883666e-6	0.0012721451042012387	2.1237629170377217e-6
0.99637023593466424682395644283122	0.0013237400441085975	2.127013522860877e-6	0.0012743091641097609	2.1272497450019525e-6
0.99818511796733212341197822141561	0.0013256769546150086	2.1306447149307966e-6	0.0012762712722763348	2.1310406311844534e-6