0	0.	0.	0.	0.	0.	0.	0.
0.010989010989010989010989010989011	8.43162643118767e-7	1.3122041809147086e-11	1.6870545235037862e-6	7.863871567567614e-11	1.255255366396246e-16	2.742550985597374e-15	5.3370941455522716e-17
0.021978021978021978021978021978022	1.684502730749648e-6	2.6346156242535533e-11	3.3722856302478817e-6	1.5758880217456028e-10	2.746796781000591e-16	5.401781577491079e-15	1.4878987014655226e-16
0.032967032967032967032967032967033	2.5222003163089875e-6	3.962483784405174e-11	5.05204841864174e-6	2.3725430354684186e-10	3.9713371064362844e-16	8.113823760796682e-15	1.8198705612964836e-16
0.043956043956043956043956043956044	3.354440667744103e-6	5.291071222599497e-11	6.72270529417221e-6	3.171210939556503e-10	5.910709086288495e-16	1.0762802633080841e-14	2.362920550310968e-16
0.054945054945054945054945054945055	4.179416866354721e-6	6.615608576928577e-11	8.380631179956812e-6	3.969037067167599e-10	6.914975448019279e-16	1.3533556360060673e-14	2.038416294064053e-16
0.065934065934065934065934065934066	4.995332395579531e-6	7.931369014591909e-11	0.000010022218710759174	4.763173183622163e-10	8.538894911104458e-16	1.6297442289887182e-14	2.0674360510102922e-16
0.076923076923076923076923076923077	5.800403716706922e-6	9.233635272159323e-11	0.000011643883405321105	5.550777531353095e-10	9.793390850723273e-16	1.902774303891859e-14	2.6711675181463654e-16
0.087912087912087912087912087912088	6.602747461974886e-6	1.0517719035717321e-10	0.000013242068808872521	6.329024666106331e-10	1.2146632988086044e-15	2.1682516048942442e-14	2.8200044031073884e-16
0.098901098901098901098901098901099	7.457640160437678e-6	1.1871819099122718e-10	0.000014868917378139915	7.104396250624314e-10	1.42035432290065e-15	2.4305513261893057e-14	3.328385379038434e-16
0.10989010989010989010989010989011	8.325533226254984e-6	1.3218946550437646e-10	0.00001659493459229035	7.918463742121963e-10	1.5600559374379745e-15	2.713711042193323e-14	3.477309245556331e-16
0.12087912087912087912087912087912	9.194698037726737e-6	1.455433409215845e-10	0.00001833753536457562	8.727086558541144e-10	1.739046932778194e-15	2.9925439615463553e-14	3.5189117375281837e-16
0.13186813186813186813186813186813	0.000010063305338585396	1.5873187145458985e-10	0.000020080863764479122	9.527392195096546e-10	1.8563617471995845e-15	3.268432808496601e-14	3.6343226232817925e-16
0.14285714285714285714285714285714	0.000010929521149061568	1.7170755923768987e-10	0.0000218212531202729	1.0316514126616661e-9	2.025058074228771e-15	3.535458937512392e-14	4.495169195400416e-16
0.15384615384615384615384615384615	0.000011791509375219856	1.8442274326335886e-10	0.000023555029393897344	1.1091590242297743e-9	2.175136690984191e-15	3.799201886172869e-14	4.269569740060734e-16
0.16483516483516483516483516483516	0.000012647434425339182	1.96830387557208e-10	0.000025278516410052294	1.184977630291097e-9	2.365402086501744e-15	4.061653525694062e-14	4.1209575869269547e-16
0.17582417582417582417582417582418	0.000013495463827148905	2.0969267522323798e-10	0.000026988041094770785	1.2588246375809051e-9	2.5190449962957347e-15	4.334885182500388e-14	4.4673572963057685e-16
0.18681318681318681318681318681319	0.00001433377084528299	2.2307441784170662e-10	0.000028679938715895296	1.3368585049617577e-9	2.6639051052986277e-15	4.6040552689965106e-14	4.043430349165008e-16
0.1978021978021978021978021978022	0.0000151605370940503	2.3711495647285223e-10	0.000030350558119768072	1.418298985671304e-9	2.834630300114913e-15	4.877918769119763e-14	4.934949755040537e-16
0.20879120879120879120879120879121	0.000015973955142105142	2.5095714255164034e-10	0.0000319962669568463	1.502610684021235e-9	3.0284761897371162e-15	5.148057346496237e-14	5.00312871748963e-16
0.21978021978021978021978021978022	0.00001677223110719446	2.645531704865282e-10	0.00003361345688904492	1.5856052789739159e-9	3.2328115033833612e-15	5.425708462527686e-14	5.693859369051468e-16
0.23076923076923076923076923076923	0.000017553587235361676	2.7785536512666967e-10	0.000035198548773643156	1.6669956341017441e-9	3.353505728690517e-15	5.7114782817991e-14	5.478528120552969e-16
0.24175824175824175824175824175824	0.000018316264463417046	2.908167929556613e-10	0.00003674799781507052	1.7464969587683558e-9	3.4970744931398883e-15	5.988634747874611e-14	5.750415393283689e-16
0.25274725274725274725274725274725	0.000019058524959956245	3.033907384159704e-10	0.00003825829867992318	1.8238271446989246e-9	3.59722818431253e-15	6.257702701309256e-14	5.681848383023547e-16
0.26373626373626373626373626373626	0.000019808291890688023	3.1553140220886384e-10	0.00003972599056695548	1.8987075595709987e-9	3.750405857134848e-15	6.510178614391633e-14	5.437442224808399e-16
0.27472527472527472527472527472527	0.000020715606658090144	3.2977258782735175e-10	0.000041302775393673496	1.9734436396139154e-9	3.926910160100777e-15	6.769231224774757e-14	5.673823994116102e-16
0.28571428571428571428571428571429	0.000021646332388610992	3.4369256618263763e-10	0.00004314709906652081	2.0588008532937867e-9	3.9797390250845616e-15	7.066759870284932e-14	6.497289664253744e-16
0.2967032967032967032967032967033	0.000022568757463198736	3.5724264505237573e-10	0.000045010556798729605	2.1421032602845364e-9	4.063876554392482e-15	7.354732552195106e-14	6.728911883384771e-16
0.30769230769230769230769230769231	0.000023481006898158034	3.70374338337356e-10	0.00004685556214768197	2.223058437469069e-9	4.1693129595853946e-15	7.635546969296606e-14	6.851351967698451e-16
0.31868131868131868131868131868132	0.00002438120924004319	3.8303980557771707e-10	0.000048678361101546136	2.3013763521731807e-9	4.350700191311593e-15	7.895954145094643e-14	7.676680723810323e-16
0.32967032967032967032967032967033	0.00002526749921003237	3.951915073443414e-10	0.000050475208826272565	2.3767694220902798e-9	4.490225925640303e-15	8.14120463077141e-14	7.327162618162655e-16
0.34065934065934065934065934065934	0.000026138020346145974	4.067827246635927e-10	0.00005224237495947838	2.448953777048248e-9	4.648660347036067e-15	8.398438162078889e-14	7.631328889716786e-16
0.35164835164835164835164835164835	0.00002699092764039405	4.193852847061182e-10	0.000053976148898805584	2.5176492303265316e-9	4.805780186494268e-15	8.669950766308652e-14	7.489815707700549e-16
0.36263736263736263736263736263736	0.000027824390167345304	4.330267624931193e-10	0.000055672845076796936	2.59507822964307e-9	4.941577548853549e-15	8.936131329692882e-14	7.900967959712691e-16
0.37362637362637362637362637362637	0.00002863659370072304	4.478837806446521e-10	0.00005732880821667271	2.6790090209311626e-9	5.108918737061483e-15	9.21108417423321e-14	8.90482276323757e-16
0.38461538461538461538461538461538	0.0000294257433144846	4.6228945018243147e-10	0.000058940418561729874	2.767966818002218e-9	5.27015574797595e-15	9.477319080654619e-14	9.049838108547792e-16
0.3956043956043956043956043956044	0.000030190065965808984	4.761956813347063e-10	0.00006050409707124213	2.8540892158612534e-9	5.440944766899281e-15	9.771393459557872e-14	9.063850700725328e-16
0.40659340659340659340659340659341	0.00003092781305548752	4.895547422613666e-10	0.0000620163105773943	2.937087219839567e-9	5.5316045944597464e-15	1.0073285317219642e-13	9.136571130914872e-16
0.41758241758241758241758241758242	0.00003163726296350356	5.023199136042042e-10	0.00006347357689504101	3.0166762336723365e-9	5.61759735233904e-15	1.0351424377284096e-13	9.597779111670915e-16
0.42857142857142857142857142857143	0.000032316723555662326	5.144452135987819e-10	0.0000648724698791853	3.0925761646786782e-9	5.714521280470787e-15	1.0614804687490077e-13	9.76400137950783e-16
0.43956043956043956043956043956044	0.00003301390231017873	5.25885662008427e-10	0.00006620962442254522	3.164512311894698e-9	5.854097186020303e-15	1.085938526117609e-13	9.833875143560375e-16
0.45054945054945054945054945054945	0.000033973495762758626	5.408270073428834e-10	0.00006773692399936976	3.2364472328096077e-9	5.998818244051299e-15	1.109839168706656e-13	1.0277247859710566e-15
0.46153846153846153846153846153846	0.00003496706507798889	5.551956501084473e-10	0.00006969959468083563	3.325754908906661e-9	6.0938433626377685e-15	1.1408658466367093e-13	1.0898661176789864e-15
0.47252747252747252747252747252747	0.00003594276139669222	5.689419592449143e-10	0.00007168386580784125	3.4114974341692943e-9	6.224744239766559e-15	1.1704715089669328e-13	1.0862697875796296e-15
0.48351648351648351648351648351648	0.00003689866399751408	5.820168901492969e-10	0.00007363050427702534	3.4933772479614206e-9	6.359185432807898e-15	1.198518914856452e-13	1.1346361229991554e-15
0.49450549450549450549450549450549	0.00003783286394344501	5.943721939527524e-10	0.0000755356687766632	3.5711009435450366e-9	6.5326905963206075e-15	1.2236808816464042e-13	1.110907735662508e-15
0.50549450549450549450549450549451	0.00003874346676027586	6.059604143020626e-10	0.00007739554371701285	3.6443795164742863e-9	6.687330091865783e-15	1.246931519686203e-13	1.1250589878514138e-15
0.51648351648351648351648351648352	0.000039628595105931724	6.167351621077831e-10	0.00007920634458919465	3.71292961030395e-9	6.837919908157756e-15	1.2716947929283602e-13	1.0827903990583374e-15
0.52747252747252747252747252747253	0.00004048639142641908	6.290780047057223e-10	0.00008096432330323556	3.776473599370362e-9	6.951981411731677e-15	1.2989021361586257e-13	1.107556223300225e-15
0.53846153846153846153846153846154	0.00004131502059597428	6.429792102294444e-10	0.00008266577349711565	3.853297726055331e-9	7.140177150466628e-15	1.3258385086288628e-13	1.157121595281891e-15
0.54945054945054945054945054945055	0.00004211267253762659	6.586525980775689e-10	0.00008430703581181404	3.939718859845108e-9	7.285234975675003e-15	1.3538329809118651e-13	1.2042745352502165e-15
0.56043956043956043956043956043956	0.000042877564820315427	6.736217339148048e-10	0.00008588450312434204	4.033322791634924e-9	7.430230903236074e-15	1.3805433622644994e-13	1.1918428014303501e-15
0.57142857142857142857142857142857	0.00004360794523065274	6.878381156419975e-10	0.00008739462573210567	4.12257303061275e-9	7.63516092647006e-15	1.411567878266938e-13	1.2357368951734445e-15
0.58241758241758241758241758241758	0.00004430209431387067	7.012540156884355e-10	0.0000888339164828773	4.207178774138232e-9	7.745566429756464e-15	1.442804961551683e-13	1.1899755909850568e-15
0.59340659340659340659340659340659	0.000044958327882916766	7.138229724621422e-10	0.0000901989558426318	4.28685549818543e-9	7.88347012736386e-15	1.471386032278501e-13	1.2231681672605656e-15
0.6043956043956043956043956043956	0.000045574999490986104	7.25499573999976e-10	0.00009148639689547601	4.36132513295646e-9	7.999170964084356e-15	1.497324349112262e-13	1.2443598108560642e-15
0.61538461538461538461538461538462	0.000046219578702142175	7.362398004072377e-10	0.00009269297026839524	4.430317039831213e-9	8.130179828607433e-15	1.520677891102233e-13	1.2411237230390376e-15
0.62637362637362637362637362637363	0.00004723130746129216	7.518812951624877e-10	0.00009417136304959073	4.499450864152996e-9	8.211049745338903e-15	1.5440916160354093e-13	1.2430687106036032e-15
0.63736263736263736263736263736264	0.000048287731281149636	7.666985690834472e-10	0.00009625242132966691	4.592709027579843e-9	8.30095913317402e-15	1.5771680002699944e-13	1.3171862682679998e-15
0.64835164835164835164835164835165	0.00004931670982481964	7.806410709673104e-10	0.00009835746228581666	4.68089171110342e-9	8.506797984604853e-15	1.607494809429035e-13	1.226548196013344e-15
0.65934065934065934065934065934066	0.000050316276623262454	7.936590610139566e-10	0.00010040569004584228	4.763696160942709e-9	8.679221010107066e-15	1.635503537535322e-13	1.273311198095462e-15
0.67032967032967032967032967032967	0.00005128448524573907	8.057041847871434e-10	0.0001023931760382803	4.840825567469773e-9	8.89076516527747e-15	1.66019404494174e-13	1.280340180776425e-15
0.68131868131868131868131868131868	0.000052219412012585286	8.167289251767201e-10	0.00010431603395835626	4.911989639633168e-9	9.065186569563582e-15	1.6820822065775948e-13	1.3163290460244132e-15
0.69230769230769230769230769230769	0.000053119158691336246	8.266872438585922e-10	0.00010617042519122212	4.976905540131955e-9	9.238384620576945e-15	1.705732181189499e-13	1.3318249622431083e-15
0.7032967032967032967032967032967	0.00005398185517172676	8.387704292791964e-10	0.000107952564199822	5.0352980085815745e-9	9.407360172535475e-15	1.7333196195979078e-13	1.3593776772831199e-15
0.71428571428571428571428571428571	0.00005480566211765464	8.529314226223591e-10	0.00010965872386849298	5.11151728111209e-9	9.500948117885525e-15	1.759398812985957e-13	1.371208174061479e-15
0.72527472527472527472527472527473	0.00005558877359113987	8.69421274173028e-10	0.0001112852407967195	5.20042879414305e-9	9.699515049335705e-15	1.7873217838845726e-13	1.475140510206368e-15
0.73626373626373626373626373626374	0.000056329419646043876	8.84953882609161e-10	0.00011282852053605725	5.2986788368877325e-9	9.860614205190495e-15	1.8134384467683822e-13	1.4683772735680156e-15
0.74725274725274725274725274725275	0.000057025868887981533	8.994804565919521e-10	0.00011428504276284998	5.391056898501934e-9	1.0040787312201874e-14	1.8460825427487764e-13	1.5039927026186501e-15
0.75824175824175824175824175824176	0.000057676430996681285	9.129531671040495e-10	0.00011565136638144751	5.4772703319013975e-9	1.0136185255463018e-14	1.8782819489599276e-13	1.5414708545672735e-15
0.76923076923076923076923076923077	0.00005827945920807191	9.25325913896026e-10	0.00011692413454950205	5.557034766055685e-9	1.0255448139391175e-14	1.9071859036655335e-13	1.5427789589582928e-15
0.78021978021978021978021978021978	0.00005883335275238718	9.365538421561641e-10	0.00011810007962067516	5.6300741385930365e-9	1.0324974147286234e-14	1.932981881822376e-13	1.5544688294624485e-15
0.79120879120879120879120879120879	0.00005942532104784374	9.465938816055963e-10	0.00011917602799684793	5.696121763410704e-9	1.044708629997051e-14	1.955304184896681e-13	1.5490020151866853e-15
0.8021978021978021978021978021978	0.00006048904174046382	9.629355963763925e-10	0.00012060609239814379	5.762454480434473e-9	1.0617009927575586e-14	1.9772230006386252e-13	1.5809256918143801e-15
0.81318681318681318681318681318681	0.00006160833098476952	9.782015715951346e-10	0.00012280557890677395	5.859663108416704e-9	1.0632751697779006e-14	2.0111968996919497e-13	1.6328454573588632e-15
0.82417582417582417582417582417582	0.00006269060273416835	9.923403007103713e-10	0.00012503134612563765	5.9502859817131415e-9	1.0824489867313398e-14	2.042002413500177e-13	1.5800952551700976e-15
0.83516483516483516483516483516484	0.00006373384476184138	1.0053014986622321e-9	0.0001271811193464573	6.034015040257048e-9	1.1041616122343214e-14	2.070340445035654e-13	1.6188131242035806e-15
0.84615384615384615384615384615385	0.00006473607313325646	1.0170364495466334e-9	0.00012925088277838874	6.110550257630169e-9	1.1292099074063657e-14	2.0943933869835354e-13	1.6811634911777528e-15
0.85714285714285714285714285714286	0.0000656953349531434	1.027497651689011e-9	0.00013123667944183465	6.179599866013619e-9	1.144259066152273e-14	2.1153729142530386e-13	1.7047528325855226e-15
0.86813186813186813186813186813187	0.00006660971108843535	1.0366395207849563e-9	0.00013313461665665662	6.240881529896306e-9	1.1653964248839752e-14	2.1380567942734511e-13	1.7875401177999464e-15
0.87912087912087912087912087912088	0.00006747731886254404	1.048462938774609e-9	0.0001349408714794438	6.294122531866796e-9	1.1797501085374682e-14	2.1656631957733768e-13	1.880798361461983e-15
0.89010989010989010989010989010989	0.00006829631471862944	1.0628836398791853e-9	0.0001366516960815825	6.3697369676268e-9	1.1873880177391437e-14	2.1921586819230708e-13	1.9157739247349168e-15
0.9010989010989010989010989010989	0.0000690648968476065	1.0801899277126155e-9	0.00013826342306194164	6.461138838290151e-9	1.2042072829268495e-14	2.2202407689209823e-13	1.9877229037422833e-15
0.91208791208791208791208791208791	0.0000697813077779361	1.0962860373648804e-9	0.0001397724706875227	6.564034970372897e-9	1.2195841030338185e-14	2.2466110885602364e-13	1.983632025807807e-15
0.92307692307692307692307692307692	0.00007044383692428078	1.1111227717240052e-9	0.00014117534805450742	6.659540841011053e-9	1.2392358221332569e-14	2.2808107319407564e-13	2.0546314211860896e-15
0.93406593406593406593406593406593	0.00007105082309051993	1.124652310741566e-9	0.00014246866016434689	6.74736197613545e-9	1.2463091654407484e-14	2.314201365204936e-13	2.089555006389882e-15
0.94505494505494505494505494505495	0.00007160065692548843	1.1368288196887907e-9	0.0001436491129072046	6.8272140351531255e-9	1.259408385968371e-14	2.3436521251281146e-13	2.0562009465628407e-15
0.95604395604395604395604395604396	0.00007209178332645886	1.1476080807449562e-9	0.00014471351794692594	6.898823167373008e-9	1.2696501872902957e-14	2.369176473354296e-13	2.0514431995537294e-15
0.96703296703296703296703296703297	0.00007263112932850842	1.1569479706421003e-9	0.00014565879750052545	6.961926487327692e-9	1.2846900707819891e-14	2.390461668618698e-13	2.0474332947202013e-15
0.97802197802197802197802197802198	0.00007374669858674997	1.173989825025676e-9	0.00014704111189932722	7.025458018995115e-9	1.293012140004911e-14	2.4111396255078607e-13	2.047761306048401e-15
0.98901098901098901098901098901099	0.00007492886417523376	1.1897044579820267e-9	0.00014935906730651133	7.126617136199864e-9	1.300157102954382e-14	2.44715371149238e-13	2.074034453766911e-15
1.	0.00007606444011110061	1.2040394085709528e-9	0.00015170551722101553	7.2196801861308174e-9	1.3220790537441657e-14	2.4788317906287046e-13	2.0048405888267524e-15
1.010989010989010989010989010989	0.00007715136839973282	1.2169437715638267e-9	0.00015395679207197982	7.304333893820021e-9	1.3416792735192645e-14	2.507487691305619e-13	2.002749827692473e-15
1.021978021978021978021978021978	0.00007818762759248888	1.2283685241424705e-9	0.00015610878888946804	7.380274897209037e-9	1.3639646686876802e-14	2.531199184165014e-13	2.0631159069901634e-15
1.032967032967032967032967032967	0.00007917123556842214	1.2382662454742992e-9	0.0001581574800594957	7.447210012431074e-9	1.3798397558959167e-14	2.5505936921927315e-13	2.0416377631246463e-15
1.043956043956043956043956043956	0.00008010025228373623	1.2465916577774313e-9	0.00016009891887720657	7.50485748481215e-9	1.4000045612752553e-14	2.572010156071954e-13	2.1910517210119733e-15
1.0549450549450549450549450549451	0.00008097278248529131	1.258155376090455e-9	0.00016192924503359766	7.552947004510834e-9	1.4126886825798785e-14	2.599353606257658e-13	2.2979129825318666e-15
1.0659340659340659340659340659341	0.00008178697838531271	1.2728358182983078e-9	0.00016364469002783688	7.627956580158677e-9	1.4264128594432225e-14	2.62484751109142e-13	2.334658974553784e-15
1.0769230769230769230769230769231	0.00008254104229339942	1.2909585676211606e-9	0.00016524158249906648	7.721848774483329e-9	1.4514589078931876e-14	2.6533266912480497e-13	2.421656005396337e-15
1.0879120879120879120879120879121	0.00008323322920251654	1.3076181884351894e-9	0.00016671635347035712	7.829391037660838e-9	1.462717991960452e-14	2.678969277362634e-13	2.4731074502745423e-15
1.0989010989010989010989010989011	0.00008386184932607643	1.322765108445594e-9	0.0001680655414985752	7.92802472808553e-9	1.4776030564853132e-14	2.7139122977249237e-13	2.57136180715692e-15
1.1098901098901098901098901098901	0.00008442527058210211	1.3363515172359046e-9	0.00016928579772323835	8.017453544661757e-9	1.4848736933626526e-14	2.748643456128029e-13	2.6420328239042828e-15
1.1208791208791208791208791208791	0.00008492192102200611	1.3483318760374803e-9	0.00017037389080766275	8.097393354638956e-9	1.4902450404509582e-14	2.7787171861562595e-13	2.6405521725613445e-15
1.1318681318681318681318681318681	0.0000853502912001013	1.3586624682909228e-9	0.0001713267117663763	8.167572197777338e-9	1.4962274617925458e-14	2.8034984669664027e-13	2.6579089142427054e-15
1.1428571428571428571428571428571	0.00008583700352569547	1.3673021548440446e-9	0.00017214127867205405	8.227731249695988e-9	1.5052547216924246e-14	2.823559906432705e-13	2.6293133777615716e-15
1.1538461538461538461538461538462	0.00008700427798696629	1.385044223485385e-9	0.00017347642140714696	8.288461616574059e-9	1.5146928212402712e-14	2.844131621232985e-13	2.5887906103254504e-15
1.1648351648351648351648351648352	0.00008824933083936198	1.4012075479679595e-9	0.00017591288642282167	8.393571174471848e-9	1.5262886871113627e-14	2.8817339697488207e-13	2.548304271067841e-15
1.1758241758241758241758241758242	0.00008943822194237284	1.4157387118561957e-9	0.00017837997546514675	8.489074357677841e-9	1.544000795865651e-14	2.9141691219866525e-13	2.4345339404539964e-15
1.1868131868131868131868131868132	0.00009056884752340771	1.4285862176708489e-9	0.00018073270811509043	8.574652673742065e-9	1.5641541335877672e-14	2.942861690556193e-13	2.409974779787582e-15
1.1978021978021978021978021978022	0.00009163914860987844	1.4397008074647998e-9	0.00018296689426379093	8.649999416291259e-9	1.586951721313382e-14	2.9656892285352134e-13	2.469947900249705e-15
1.2087912087912087912087912087912	0.00009264711384483346	1.4490350227772644e-9	0.00018507843570329466	8.714820039487837e-9	1.6046624902829607e-14	2.983678325213629e-13	2.451610792909379e-15
1.2197802197802197802197802197802	0.00009359078226365483	1.4565440131966059e-9	0.00018706333174457564	8.76883329386595e-9	1.6249281854180908e-14	3.003719588043068e-13	2.5329313576905644e-15
1.2307692307692307692307692307692	0.00009446824602633933	1.4678479642999448e-9	0.00018891768475371283	8.811771310260507e-9	1.6405626749233028e-14	3.031452755725232e-13	2.61209657656388e-15
1.2417582417582417582417582417582	0.00009527765310411294	1.4827881566626125e-9	0.0001906377055984771	8.886176057668188e-9	1.6529482437718976e-14	3.056495695026198e-13	2.6902928159630766e-15
1.2527472527472527472527472527473	0.00009601720991501076	1.5017273008876065e-9	0.00019221971899901295	8.982558631840554e-9	1.675402560558345e-14	3.0855481508351687e-13	2.844848223768577e-15
1.2637362637362637362637362637363	0.00009668518390623917	1.518950353346939e-9	0.00019366016877553563	9.094747062649953e-9	1.6967310337445385e-14	3.111124650027216e-13	3.0009502078516382e-15
1.2747252747252747252747252747253	0.00009727990607988217	1.5344074646556597e-9	0.0001949556229863141	9.196508599788632e-9	1.7137408461397574e-14	3.147567084889044e-13	3.140600047236036e-15
1.2857142857142857142857142857143	0.00009779977345777485	1.5480507006872986e-9	0.00019610277894965123	9.287545179990273e-9	1.7228151722070682e-14	3.183746229912456e-13	3.232938022387136e-15
1.2967032967032967032967032967033	0.00009824325148399072	1.5598348241412081e-9	0.00019709846814266782	9.36757269674873e-9	1.733997730016707e-14	3.2135049425520386e-13	3.284835573397974e-15
1.3076923076923076923076923076923	0.00009860887635975344	1.5697168083179105e-9	0.0001979396609713408	9.436321343889266e-9	1.7393705695187353e-14	3.2384521689174395e-13	3.3032675499011823e-15
1.3186813186813186813186813186813	0.00009904294362065299	1.5776562994724242e-9	0.0001986234714042772	9.493536192967813e-9	1.747893203384519e-14	3.257952039416368e-13	3.2687555318884943e-15
1.3296703296703296703296703296703	0.00010026177992769794	1.5960985520082004e-9	0.00019991202077583248	9.551465395101645e-9	1.7485161999418988e-14	3.2765053282056236e-13	3.1971230172932167e-15
1.3406593406593406593406593406593	0.00010156973096359086	1.6127105662452127e-9	0.0002024670361500723	9.660525442126345e-9	1.7516943366267455e-14	3.315383404119185e-13	3.1515112275343375e-15
1.3516483516483516483516483516484	0.00010281194821434853	1.6274379310365109e-9	0.00020505472075178695	9.758468787773158e-9	1.7670919508313705e-14	3.348705893622887e-13	3.007789551982892e-15
1.3626373626373626373626373626374	0.0001039862821194133	1.6402286145654233e-9	0.0002075088673688857	9.844971719849311e-9	1.784927976882357e-14	3.3773366725417494e-13	2.8851386067046618e-15
1.3736263736263736263736263736264	0.00010509063617195337	1.6510330077544092e-9	0.00020982519879383452	9.919724258130422e-9	1.809642826669117e-14	3.3996836807947296e-13	2.8430296406407744e-15
1.3846153846153846153846153846154	0.00010612296976896916	1.6598037550021723e-9	0.0002119995462651718	9.982430377313842e-9	1.826858305263657e-14	3.416493980577902e-13	2.791935872602398e-15
1.3956043956043956043956043956044	0.000107081301014744	1.6664962486792656e-9	0.0002140278551502903	1.0032809399653398e-8	1.8517399475294228e-14	3.4352775099090806e-13	2.794206834416213e-15
1.4065934065934065934065934065934	0.00010796370947237184	1.6775405207355003e-9	0.000215906190531082	1.007059592161774e-8	1.866149927921684e-14	3.4627824876157614e-13	2.8569665012404287e-15
1.4175824175824175824175824175824	0.00010876833886169675	1.6927404308149869e-9	0.0002176307426846429	1.0144395774602202e-8	1.8873393517543516e-14	3.4878722054145554e-13	2.898366598069771e-15
1.4285714285714285714285714285714	0.00010949339969905539	1.712496056058017e-9	0.00021919783245295964	1.0243268597955592e-8	1.9144525457870767e-14	3.5173640576225255e-13	3.0793753838057565e-15
1.4395604395604395604395604395604	0.00011013717187575193	1.730282620881857e-9	0.00022060391649421536	1.036010314424623e-8	1.9305908959617475e-14	3.5425411889192795e-13	3.284271265677534e-15
1.4505494505494505494505494505495	0.00011069800717226485	1.7460498892512352e-9	0.00022184559240890915	1.0464992512967933e-8	1.9484870355337784e-14	3.581085706056789e-13	3.4473914013765855e-15
1.4615384615384615384615384615385	0.00011117433170429094	1.7597499740018902e-9	0.00022291960373496217	1.0557636766477514e-8	1.9576143255786063e-14	3.617939124429068e-13	3.5708829270158785e-15
1.4725274725274725274725274725275	0.00011156464829826162	1.7713378479658656e-9	0.00022382284480400148	1.0637751996863218e-8	1.9674649655272873e-14	3.648240097866277e-13	3.6418827024554955e-15
1.4835164835164835164835164835165	0.00011186753879234604	1.7807712017951664e-9	0.0002245523654537937	1.0705070325905452e-8	1.972832970791035e-14	3.6726515324677674e-13	3.667271800917297e-15
1.4945054945054945054945054945055	0.00011224894959490056	1.7880104722557972e-9	0.00022510537558957154	1.0759340919449162e-8	1.9776781426224192e-14	3.6913387429747666e-13	3.649655255249666e-15
1.5054945054945054945054945054945	0.0001135192043959374	1.8071529579426803e-9	0.00022634790985940554	1.0814468965697274e-8	1.9795771417375077e-14	3.709635888101593e-13	3.594838216307909e-15
1.5164835164835164835164835164835	0.00011489006453487287	1.8242136280102107e-9	0.00022902151638244425	1.0927479445659946e-8	1.984161699983627e-14	3.750086129129797e-13	3.531379313438312e-15
1.5274725274725274725274725274725	0.00011618561891394069	1.8391372153477499e-9	0.00023172975297439314	1.1027862978354156e-8	2.006169517356999e-14	3.7842125624274166e-13	3.4402234156671037e-15
1.5384615384615384615384615384615	0.00011740367217444687	1.8518710482682073e-9	0.0002342852697262184	1.1115290562345206e-8	2.0256374887683294e-14	3.813050032339428e-13	3.3363446233488148e-15
1.5494505494505494505494505494505	0.00011854209026524563	1.8623652945477302e-9	0.00023668370237197382	1.118944886298836e-8	2.0490355120692057e-14	3.8345612724892667e-13	3.2458015632215767e-15
1.5604395604395604395604395604396	0.00011959880332721327	1.8705725286786662e-9	0.0002389208116371919	1.1250040508611226e-8	2.066542171675401e-14	3.8498211970338675e-13	3.1497862782941736e-15
1.5714285714285714285714285714286	0.00012057180852329594	1.876448602862137e-9	0.00024099248898610504	1.129678531174261e-8	2.0908314514075838e-14	3.8679934241784345e-13	3.1144093964168097e-15
1.5824175824175824175824175824176	0.00012145917280949571	1.8872331949246606e-9	0.0002428947622572098	1.132942036608436e-8	2.106597843952484e-14	3.895504680312063e-13	3.141536696106358e-15
1.5934065934065934065934065934066	0.000122259035644205	1.9026928284417147e-9	0.00024462380117770775	1.1402615378219563e-8	2.122049809059237e-14	3.920139257879266e-13	3.0578931379103646e-15
1.6043956043956043956043956043956	0.00012296961163178087	1.9232648509596905e-9	0.00024617592275221064	1.1503978569187808e-8	2.142329392987343e-14	3.949731421653588e-13	3.100037982688218e-15
1.6153846153846153846153846153846	0.00012358919309730302	1.9416148975478402e-9	0.00024754759651772625	1.162545923751043e-8	2.1610986883581155e-14	3.974932014875395e-13	3.24601179428945e-15
1.6263736263736263736263736263736	0.00012411615258958733	1.9576923540864054e-9	0.00024873544965783943	1.1733476408118359e-8	2.178891404247692e-14	4.014180881358053e-13	3.4593371469785346e-15
1.6373626373626373626373626373626	0.00012454894530800428	1.9714492664352227e-9	0.000249736271970816	1.1827728386939754e-8	2.188442420590749e-14	4.052181186828754e-13	3.584387007196142e-15
1.6483516483516483516483516483516	0.00012488611145131112	1.9828408925401887e-9	0.0002505470206834385	1.1907931319545258e-8	2.1972258406668213e-14	4.083233619414121e-13	3.640146033529712e-15
1.6593406593406593406593406593407	0.00012512627848437855	1.9918255209998836e-9	0.00025116482510603055	1.1973819417319027e-8	2.1992802800035858e-14	4.107509405525868e-13	3.683800275712505e-15
1.6703296703296703296703296703297	0.00012545502142955926	1.9983646513364546e-9	0.00025158699112061596	1.2025145707039297e-8	2.204719127726777e-14	4.124900661371301e-13	3.6953390717002035e-15
1.6813186813186813186813186813187	0.00012677655137792253	2.0182072724047988e-9	0.0002527840885117895	1.2077472569483902e-8	2.209621396514798e-14	4.14224095764768e-13	3.68324526390977e-15
1.6923076923076923076923076923077	0.00012821033153936586	2.0357165999799295e-9	0.0002555763270138585	1.2194433555398379e-8	2.2167551981145193e-14	4.1843330057584095e-13	3.681089519335541e-15
1.7032967032967032967032967032967	0.00012955923402716715	2.0508364195422987e-9	0.00025840507202614093	1.2297257261871552e-8	2.228659898264399e-14	4.2194348084733284e-13	3.592201217192469e-15
1.7142857142857142857142857142857	0.00013082101767455747	2.0635134521849905e-9	0.0002610619150797028	1.2385609442569254e-8	2.2536256571250223e-14	4.2483572187930876e-13	3.5062039158782926e-15
1.7252747252747252747252747252747	0.00013199351087596621	2.073697471375223e-9	0.00026354240489037244	1.2459173525586503e-8	2.280080731110401e-14	4.269195687039235e-13	3.4296773913384984e-15
1.7362637362637362637362637362637	0.00013307461450582977	2.0813412301521256e-9	0.00026584223171097915	1.2517650722541338e-8	2.296355280412803e-14	4.2833491354500196e-13	3.3624567093198343e-15
1.7472527472527472527472527472527	0.0001340623047757097	2.086400872902312e-9	0.00026795723314337617	1.2560761317920722e-8	2.3211620180485905e-14	4.300822020041299e-13	3.2398745797619816e-15
1.7582417582417582417582417582418	0.00013495463602420643	2.0969257169230437e-9	0.0002698833998231302	1.2588244854624477e-8	2.3423036390816923e-14	4.328267968762569e-13	3.2687088747060555e-15
1.7692307692307692307692307692308	0.00013574974343798913	2.112645134587124e-9	0.0002716168809684556	1.266083512544444e-8	2.3552414860769e-14	4.3524904560368574e-13	3.191163091211028e-15
1.7802197802197802197802197802198	0.00013644584569944744	2.1340336078814545e-9	0.000273153989787478	1.2764688667165954e-8	2.374887409818052e-14	4.3825799848621167e-13	3.1893955733744232e-15
1.7912087912087912087912087912088	0.00013704124755724938	2.1529471195232483e-9	0.00027449120873681215	1.2890815446736232e-8	2.3957603402150358e-14	4.408015720953611e-13	3.2507023051583655e-15
1.8021978021978021978021978021978	0.00013753434231831681	2.1693347072228417e-9	0.00027562519462394244	1.3001960421853063e-8	2.417521953271313e-14	4.448514952379726e-13	3.410960583742901e-15
1.8131868131868131868131868131868	0.00013792361425543615	2.18314839584816e-9	0.0002765527835482326	1.3097820091534774e-8	2.4296501710274266e-14	4.488233290857803e-13	3.525138995317175e-15
1.8241758241758241758241758241758	0.00013820764092961605	2.194343789654337e-9	0.00027727099567245495	1.317811071580969e-8	2.4440966614564642e-14	4.519764200152635e-13	3.609408062049281e-15
1.8351648351648351648351648351648	0.00013838509542245074	2.2028796951824774e-9	0.0002777770398199342	1.3242568539666938e-8	2.447861031969877e-14	4.5436450910603884e-13	3.652918476796011e-15
1.8461538461538461538461538461538	0.0001386611591061191	2.2087185870764674e-9	0.00027806831789000563	1.3290950554327749e-8	2.4498501874648665e-14	4.560496191714918e-13	3.6772258376761924e-15
1.8571428571428571428571428571429	0.0001400338208604884	2.2292614112258065e-9	0.00027922055658722444	1.3340476213654416e-8	2.4471774638067226e-14	4.5767336266836e-13	3.677465425313244e-15
1.8681318681318681318681318681319	0.00014153053196384283	2.247219419785157e-9	0.0002821314679386868	1.3461387633939479e-8	2.4496652152747295e-14	4.619986911915686e-13	3.667454804020218e-15
1.8791208791208791208791208791209	0.00014293279354082563	2.262535455798048e-9	0.00028508067780081206	1.356665147870882e-8	2.4668436002635504e-14	4.655662963502693e-13	3.603575121614028e-15
1.8901098901098901098901098901099	0.00014423831860647414	2.2751556488428563e-9	0.00028783880332243196	1.3655928292961949e-8	2.4899885948220194e-14	4.684363116269168e-13	3.5236070824875847e-15
1.9010989010989010989010989010989	0.0001454448979906209	2.285029477675577e-9	0.0002904013062414828	1.3728898129300857e-8	2.5168458209197498e-14	4.70454285524871e-13	3.470801259935861e-15
1.9120879120879120879120879120879	0.00014655040329128745	2.2921097376540673e-9	0.00029276380637859197	1.378526086430937e-8	2.5376914603697222e-14	4.716996086132105e-13	3.4067782178971694e-15
1.9230769230769230769230769230769	0.0001475527897582918	2.2963529476253154e-9	0.00029492208751374775	1.3824737255143301e-8	2.5650557845948324e-14	4.733223744386432e-13	3.3083914046164726e-15
1.9340659340659340659340659340659	0.00014845009910278452	2.3066181020220606e-9	0.0002968721031203556	1.3847069312176865e-8	2.58170503141366e-14	4.760525313728502e-13	3.3524418001851344e-15
1.9450549450549450549450549450549	0.00014924046222955902	2.322597294145457e-9	0.00029860998194834477	1.3919054699636848e-8	2.596162521903039e-14	4.784756658355014e-13	3.2840404383509868e-15
1.956043956043956043956043956044	0.0001499221018885744	2.3448022430862424e-9	0.00030013203345014136	1.4025398627471473e-8	2.6226136513650995e-14	4.815463997390005e-13	3.335486227462394e-15
1.967032967032967032967032967033	0.00015049333524207924	2.3642792756350094e-9	0.00030143475304282374	1.4156171558385883e-8	2.6422327554028648e-14	4.840956623316922e-13	3.425582353398604e-15
1.978021978021978021978021978022	0.0001509525763448471	2.380977057454575e-9	0.0003025148271986565	1.4270444383835103e-8	2.662765766068499e-14	4.883866547461032e-13	3.609905532845311e-15
1.989010989010989010989010989011	0.00015129833853308399	2.394847595634805e-9	0.0003033691383589234	1.4367911701806693e-8	2.675636398792028e-14	4.924803324386167e-13	3.742730881901454e-15
2.	0.00015152923671984993	2.4058468397683964e-9	0.00030399476966294316	1.4448290026654325e-8	2.682973878213602e-14	4.956709251159e-13	3.853834491687976e-15
2.010989010989010989010989010989	0.00015164398959331354	2.413934106741244e-9	0.0003043890094876577	1.4511317581286422e-8	2.6839502837119964e-14	4.98066559371392e-13	3.9091712362925984e-15
2.021978021978021978021978021978	0.0001518673626059053	2.4190728327187818e-9	0.00030454935579016603	1.4556755353922944e-8	2.688057940679609e-14	4.996620496883569e-13	3.949916716660965e-15
2.032967032967032967032967032967	0.0001532910128302218	2.440315788383529e-9	0.00030565731393945243	1.4603479728277374e-8	2.6852720464856947e-14	5.011126302090328e-13	3.95013438745733e-15
2.043956043956043956043956043956	0.00015485066579483463	2.4587225069026348e-9	0.0003086869390508335	1.472834165486256e-8	2.6899880992857546e-14	5.055922551867766e-13	3.912957479075109e-15
2.0549450549450549450549450549451	0.0001563062974413701	2.474234777662678e-9	0.0003117565701916265	1.4836045681589823e-8	2.7004503275784635e-14	5.092875995416354e-13	3.823829434511451e-15
2.0659340659340659340659340659341	0.00015765557495664434	2.486798134360264e-9	0.0003146159343472123	1.4926247145957707e-8	2.7227277611434446e-14	5.121537726497742e-13	3.7690940323895756e-15
2.0769230769230769230769230769231	0.00015889625159572356	2.4963617964287656e-9	0.00031726040631772917	1.499862276341166e-8	2.753791545528557e-14	5.141002254695979e-13	3.679628742583134e-15
2.0879120879120879120879120879121	0.0001600261696700194	2.5028785931330926e-9	0.00031968553553202904	1.5052871024683656e-8	2.7725195959449968e-14	5.151966958393839e-13	3.631275927677393e-15
2.0989010989010989010989010989011	0.00016104326345757976	2.5063053462122494e-9	0.0003218870519889342	1.5088713187928154e-8	2.8006646191809295e-14	5.167312371917375e-13	3.5761343338405646e-15
2.1098901098901098901098901098901	0.0001619455620317879	2.516310787719328e-9	0.00032386087204034535	1.5105893756621298e-8	2.8172250596766494e-14	5.194957834063679e-13	3.605245441383439e-15
2.1208791208791208791208791208791	0.0001627311920054027	2.53254971713876e-9	0.0003256031040086316	1.5177274350463894e-8	2.8300774512525874e-14	5.219143293855039e-13	3.533384332809874e-15
2.1318681318681318681318681318681	0.00016339838018574748	2.5555710689665277e-9	0.00032711005363147044	1.528610860079997e-8	2.8599567971887965e-14	5.249997919530693e-13	3.5774441554719834e-15
2.1428571428571428571428571428571	0.00016394545613845337	2.575611595719786e-9	0.00032837822932715643	1.5421527669131814e-8	2.879375542911557e-14	5.275379260095887e-13	3.639211806976759e-15
2.1538461538461538461538461538462	0.0001643708546560473	2.5926195898284557e-9	0.0003294043472735658	1.5538928310619867e-8	2.905968173512779e-14	5.319603019125262e-13	3.853920090835542e-15
2.1648351648351648351648351648352	0.00016467311812781114	2.6065469920521796e-9	0.0003301853362946084	1.563800339601325e-8	2.9178011079758785e-14	5.361498492107323e-13	4.011681046139645e-15
2.1758241758241758241758241758242	0.0001648508988087924	2.6173499652522343e-9	0.000330718342546937	1.5718469399618623e-8	2.9326556160568593e-14	5.394023480505819e-13	4.1492999335884776e-15
2.1868131868131868131868131868132	0.00016490296098380005	2.624988537516493e-9	0.00033100073400165353	1.57800667002128e-8	2.937969325883719e-14	5.417349998623581e-13	4.197870541778214e-15
2.1978021978021978021978021978022	0.00016507363191035413	2.6294270837636676e-9	0.00033103010471405986	1.5822560206528957e-8	2.945102364065457e-14	5.432313707918008e-13	4.2588226912074096e-15
2.2087912087912087912087912087912	0.00016654812727396283	2.6513700853411247e-9	0.00033209436042273485	1.5866483382412545e-8	2.9384038177489736e-14	5.445402514657079e-13	4.339962054866053e-15
2.2197802197802197802197802197802	0.00016817073301906706	2.6702254214190656e-9	0.0003352427402447166	1.5995295747650505e-8	2.932308867096738e-14	5.491820576539939e-13	4.336107258561909e-15
2.2307692307692307692307692307692	0.00016967974571545878	2.685933940035162e-9	0.0003384327490922252	1.6105439900157115e-8	2.9323461051045103e-14	5.528853825779664e-13	4.276983210617191e-15
2.2417582417582417582417582417582	0.00017107278671158458	2.6984404606579573e-9	0.0003413933080468444	1.619656595745792e-8	2.9542398977522314e-14	5.557616947218923e-13	4.200311870563175e-15
2.2527472527472527472527472527473	0.00017234757167773642	2.70769397237651e-9	0.00034411970501131966	1.626834732767628e-8	2.983848547382814e-14	5.57617763686566e-13	4.114427199989423e-15
2.2637362637362637362637362637363	0.00017350191362843105	2.713647288875345e-9	0.00034660741906317004	1.6320481057805927e-8	3.001080338221503e-14	5.585525769008047e-13	4.03571691822204e-15
2.2747252747252747252747252747253	0.0001745337258598402	2.71625759281298e-9	0.000348852126460397	1.635268898036496e-8	3.028073344466564e-14	5.600190273187989e-13	3.927145728326405e-15
2.2857142857142857142857142857143	0.00017544102479742554	2.7260033490182803e-9	0.00035084970647425326	1.636471807837747e-8	3.047120537501084e-14	5.628097201812059e-13	3.9034259417694146e-15
2.2967032967032967032967032967033	0.00017622193275161854	2.7425021295021214e-9	0.00035259624704035144	1.6435493869260557e-8	3.068726249330098e-14	5.65196062778816e-13	3.849701008329155e-15
2.3076923076923076923076923076923	0.00017687468057705884	2.766339935806881e-9	0.0003540880502223144	1.654681841049113e-8	3.098941711580228e-14	5.683326593440765e-13	3.86486088694155e-15
2.3186813186813186813186813186813	0.00017739761023244434	2.7869439483032957e-9	0.0003553216374806312	1.6686883639363505e-8	3.125410495061676e-14	5.708109848696572e-13	3.897122525914102e-15
2.3296703296703296703296703296703	0.0001777891772378174	2.8042621114519345e-9	0.0003562937547395711	1.6807412139681972e-8	3.151530641299293e-14	5.752832038709795e-13	4.07230513765718e-15
2.3406593406593406593406593406593	0.0001780479530255506	2.818246360691984e-9	0.0003570013772464755	1.6908094942239436e-8	3.162881548468297e-14	5.795919303413565e-13	4.254267805055984e-15
2.3516483516483516483516483516484	0.00017817262718259006	2.8288531086849282e-9	0.000357441714215934	1.6988648663817105e-8	3.1724326739905037e-14	5.828759850732318e-13	4.375416350930711e-15
2.3626373626373626373626373626374	0.0001781620095801089	2.836043042033147e-9	0.00035761221325383705	1.7048815687955405e-8	3.176379709691871e-14	5.851856290443328e-13	4.466874899343482e-15
2.3736263736263736263736263736264	0.00017827996700048838	2.8397813215834247e-9	0.00035751056455405006	1.7088364907662365e-8	3.178978145257004e-14	5.865391035535573e-13	4.512572563294047e-15
2.3846153846153846153846153846154	0.00017980516417815092	2.8624244559450727e-9	0.00035853169589092506	1.7129486932163325e-8	3.176815866003973e-14	5.87772178474359e-13	4.573588955187383e-15
2.3956043956043956043956043956044	0.00018149073362290814	2.881728489821914e-9	0.00036179887141430354	1.7262249778467046e-8	3.178197252419622e-14	5.925299614730105e-13	4.640114951155381e-15
2.4065934065934065934065934065934	0.00018305313834938582	2.8976332038434805e-9	0.00036510921439589797	1.737483404189432e-8	3.178162591340136e-14	5.9628630458235e-13	4.629015387731575e-15
2.4175824175824175824175824175824	0.00018448995385756772	2.9100828826957386e-9	0.0003681709243141769	1.7466884742377086e-8	3.197622043272358e-14	5.992021738787614e-13	4.601406058886049e-15
2.4285714285714285714285714285714	0.00018579885822284827	2.9190262147808432e-9	0.000370979202214641	1.7538071894202684e-8	3.22499298616834e-14	6.009874007356282e-13	4.527655711281746e-15
2.4395604395604395604395604395604	0.0001869776351528063	2.9244160168816827e-9	0.00037352945686385376	1.758809114430506e-8	3.242258585504076e-14	6.018025421484006e-13	4.407513958088672e-15
2.4505494505494505494505494505495	0.00018802417695147438	2.9262098856404944e-9	0.0003758173108197541	1.7616664875941398e-8	3.2681056500449425e-14	6.03152794657603e-13	4.279242502041302e-15
2.4615384615384615384615384615385	0.00018893648738614436	2.9356959543368096e-9	0.00037783860631349515	1.7623542473488042e-8	3.288924849170677e-14	6.059610204181873e-13	4.2553492182058686e-15
2.4725274725274725274725274725275	0.00018971268445480008	2.9524544431944355e-9	0.0003795894109347116	1.769371336735142e-8	3.3091274659617524e-14	6.083516502860102e-13	4.196475785832202e-15
2.4835164835164835164835164835165	0.00019035100304914756	2.977108714673851e-9	0.00038106602311384965	1.780752825001912e-8	3.343255044328646e-14	6.114901164376194e-13	4.2108507762113796e-15
2.4945054945054945054945054945055	0.00019084979751074789	2.9982762223572722e-9	0.0003822649773944429	1.7952239573094354e-8	3.366694717396312e-14	6.139589119516216e-13	4.2887709790135826e-15
2.5054945054945054945054945054945	0.00019120754407705247	3.0159045899427114e-9	0.0003831830494879228	1.8075895877716496e-8	3.396181105740446e-14	6.186872497150765e-13	4.426086789239734e-15
2.5164835164835164835164835164835	0.0001914228432133101	3.0299456751045855e-9	0.00038381726110589515	1.81781863711234e-8	3.4127037165331847e-14	6.231026503037795e-13	4.592162508367414e-15
2.5274725274725274725274725274725	0.000191494421828227	3.0403562441224095e-9	0.0003841648845615985	1.8258827795763756e-8	3.4232674990025827e-14	6.264040392032753e-13	4.781823081479443e-15
2.5384615384615384615384615384615	0.0001914211353692882	3.0470974796080048e-9	0.00038422344713628215	1.8317564606066724e-8	3.4274413235775987e-14	6.286776924348833e-13	4.9124368169214044e-15
2.5494505494505494505494505494505	0.00019148636785800013	3.050135566725667e-9	0.0003839907352027308	1.8354169601551405e-8	3.427556541386656e-14	6.299768758181055e-13	5.029200954628278e-15
2.5604395604395604395604395604396	0.00019306212352961774	3.0734788392239667e-9	0.00038496932019803094	1.839249048525994e-8	3.426678253729372e-14	6.30951286643352e-13	5.119249838267312e-15
2.5714285714285714285714285714286	0.0001948106675931664	3.0932315547003237e-9	0.00038835533245386327	1.852920378950548e-8	3.42646971608387e-14	6.358940559783868e-13	5.170060264173584e-15
2.5824175824175824175824175824176	0.00019642647532990652	3.109332500750464e-9	0.0003917859659963058	1.864422830045423e-8	3.428114323998248e-14	6.397394990605474e-13	5.136950205130716e-15
2.5934065934065934065934065934066	0.0001979070763813461	3.1217253583621503e-9	0.0003949487830422221	1.873720363275957e-8	3.440295302978969e-14	6.426889190527441e-13	5.112309578474435e-15
2.6043956043956043956043956043956	0.00019925011121782032	3.130358534681963e-9	0.00039783889782016876	1.880779654796562e-8	3.4631460226716783e-14	6.444496682418958e-13	5.058534704846442e-15
2.6153846153846153846153846153846	0.0002004533342298709	3.1351848382904526e-9	0.00040045164882623294	1.8855701284455644e-8	3.475232765252432e-14	6.451623248641711e-13	4.9527046396471356e-15
2.6263736263736263736263736263736	0.00020151461671912886	3.1361622849966224e-9	0.0004027826049587495	1.888064080725166e-8	3.5007924952984384e-14	6.4642539966104e-13	4.765476859770987e-15
2.6373626373626373626373626373626	0.00020243194978458183	3.1453885744842963e-9	0.00040482757144957117	1.8882366936740987e-8	3.5206423843558844e-14	6.492180393401661e-13	4.649204371048633e-15
2.6483516483516483516483516483516	0.00020320344710154445	3.1624067853686977e-9	0.00040658259558308605	1.8951933080418236e-8	3.542254794339108e-14	6.515641104602919e-13	4.572143015847112e-15
2.6593406593406593406593406593407	0.00020382734758861274	3.1878775146356027e-9	0.00040804397219744865	1.9068238350179672e-8	3.5845456879809175e-14	6.547845912407569e-13	4.532534483585649e-15
2.6703296703296703296703296703297	0.0002043020179599787	3.2096085090787655e-9	0.00040920824895996136	1.9217595834419803e-8	3.614798357164577e-14	6.572261899381626e-13	4.598519112015092e-15
2.6813186813186813186813186813187	0.00020462595516042233	3.2275470358104643e-9	0.0004100722314101835	1.934437998821209e-8	3.646380550997008e-14	6.620421109083048e-13	4.723479224702097e-15
2.6923076923076923076923076923077	0.00020479778867777974	3.241644957840941e-9	0.0004106329877646123	1.9448278210001582e-8	3.664857880891901e-14	6.665594034965722e-13	4.830385223134755e-15
2.7032967032967032967032967032967	0.00020481628273242027	3.251859282631494e-9	0.0004108878534759345	1.9529007348770466e-8	3.676255932875299e-14	6.699069624178961e-13	5.033427967392767e-15
2.7142857142857142857142857142857	0.0002046803383381762	3.258151857037999e-9	0.00041083443554123844	1.958631387693581e-8	3.681524544311324e-14	6.721994472299667e-13	5.193515247428477e-15
2.7252747252747252747252747252747	0.000204692834464321	3.2604897630529023e-9	0.00041047061655286754	1.961997457608924e-8	3.684325285025149e-14	6.733389582501336e-13	5.346422634700759e-15
2.7362637362637362637362637362637	0.00020631900531508263	3.284533124938867e-9	0.00041140723319771865	1.965549427420022e-8	3.6768213709662335e-14	6.743397355393744e-13	5.400518898585534e-15
2.7472527472527472527472527472527	0.00020813053491646467	3.3047344791220645e-9	0.00041491212325713304	1.9796158072298714e-8	3.676081416414252e-14	6.794518233559057e-13	5.483384240028308e-15
2.7582417582417582417582417582418	0.00020979975664363432	3.3210316322483055e-9	0.00041846300378646517	1.9913622728974886e-8	3.6757193359822967e-14	6.834096314811617e-13	5.452939052036782e-15
2.7692307692307692307692307692308	0.00021132415426943277	3.333367655160503e-9	0.0004217268841234177	2.0007522667977686e-8	3.6798898806736065e-14	6.863671238355529e-13	5.4599809574365395e-15
2.7802197802197802197802197802198	0.00021270133064908215	3.341690665697367e-9	0.00042469879171986474	2.0077521365180602e-8	3.7015397652121843e-14	6.880548746643554e-13	5.428327241932667e-15
2.7912087912087912087912087912088	0.00021392901084585128	3.3459534770503366e-9	0.00042737399484178267	2.0123311627274915e-8	3.7192663425506515e-14	6.886113778056295e-13	5.3255270768762206e-15
2.8021978021978021978021978021978	0.00021500504514895342	3.3461144624707783e-9	0.000429748008768582	2.01446169340154e-8	3.748671688829099e-14	6.896736406129159e-13	5.158765289575767e-15
2.8131868131868131868131868131868	0.00021592741197886593	3.355081064847297e-9	0.00043181660177343627	2.0141191572663533e-8	3.770503360802864e-14	6.924639888414085e-13	5.0755132060776405e-15
2.8241758241758241758241758241758	0.00021669422067797415	3.3723590465690184e-9	0.0004335758008763227	2.0210152800688717e-8	3.7986748941892085e-14	6.948292701484574e-13	4.9035059506859286e-15
2.8351648351648351648351648351648	0.00021730371418151773	3.398646225563416e-9	0.00043502189736382936	2.0328948396809505e-8	3.83782107496384e-14	6.980574161299802e-13	4.882359874153447e-15
2.8461538461538461538461538461538	0.0002177542715662603	3.42094070764164e-9	0.00043615145206800534	2.048295202254162e-8	3.8709093011614405e-14	7.005232797667651e-13	4.8899906267477966e-15
2.8571428571428571428571428571429	0.00021804441047391316	3.4391894181073374e-9	0.00043696130039717586	2.061286399100022e-8	3.90565815469299e-14	7.055241526796467e-13	4.9754585956803366e-15
2.8681318681318681318681318681319	0.00021817278940498817	3.4533441580505912e-9	0.00043744855711373834	2.0718369907498142e-8	3.924802224248725e-14	7.102213359511097e-13	5.0742223124679965e-15
2.8791208791208791208791208791209	0.00021813820988132816	3.463362236677048e-9	0.00043761062085039497	2.0799186726603166e-8	3.93549211759121e-14	7.136737476014783e-13	5.298796581463983e-15
2.8901098901098901098901098901099	0.00021793961847301334	3.469206130156179e-9	0.00043744517836067384	2.0855063015232072e-8	3.937131812813237e-14	7.158907075287038e-13	5.484311455486309e-15
2.9010989010989010989010989010989	0.00021789936680041144	3.4708438195685865e-9	0.000436950208496791	2.088577946837481e-8	3.934778980932587e-14	7.169427961092122e-13	5.667300091606318e-15
2.9120879120879120879120879120879	0.00021957580952097641	3.495587444166047e-9	0.00043784543474416153	2.0918497920204916e-8	3.9228766793573127e-14	7.178255135895153e-13	5.795798836004693e-15
2.9230769230769230769230769230769	0.0002214503355791336	3.5162374795924744e-9	0.00044146924371867	2.106311221288231e-8	3.924808413156762e-14	7.230493051560702e-13	5.853574726441657e-15
2.9340659340659340659340659340659	0.00022317298227676334	3.5327308347327493e-9	0.0004451403276602129	2.1183017014713836e-8	3.9226119630377593e-14	7.27097190815732e-13	5.8559463127786386e-15
2.9450549450549450549450549450549	0.0002247411875080238	3.5450099813138352e-9	0.00044850522745099183	2.1277841575867654e-8	3.927807893260393e-14	7.300776353274155e-13	5.891365125038885e-15
2.956043956043956043956043956044	0.0002261525165028627	3.5530227939386466e-9	0.00045155888380639955	2.1347245992138093e-8	3.951541138210369e-14	7.316988679404606e-13	5.899611411039501e-15
2.967032967032967032967032967033	0.00022740466498714278	3.5567221569138712e-9	0.0004542964948027922	2.1390921769353327e-8	3.972792809083793e-14	7.321168103014475e-13	5.814212844682641e-15
2.978021978021978021978021978022	0.00022849546222735543	3.5560666856079233e-9	0.00045671352214115966	2.1408592875917673e-8	4.002702545103535e-14	7.330708773415492e-13	5.6401322269995715e-15
2.989010989010989010989010989011	0.00022942287395541825	3.5647735932989555e-9	0.0004588056971767188	2.1400016039344348e-8	4.026351946052686e-14	7.359016330276031e-13	5.504555031291051e-15
3.	0.0002301850051705292	3.5823113221832836e-9	0.00046056902670583945	2.1468372366548403e-8	4.0561833997384495e-14	7.38208008096346e-13	5.336513604190457e-15
3.010989010989010989010989010989	0.00023078010281436887	3.6094149617568303e-9	0.00046199979850438083	2.1589658314458444e-8	4.094505762445461e-14	7.415056774574947e-13	5.225896087820329e-15
3.021978021978021978021978021978	0.00023120655831603972	3.6322729684518145e-9	0.00046309458660988956	2.174830809228212e-8	4.1266322358167347e-14	7.439639019226931e-13	5.246251969819436e-15
3.032967032967032967032967032967	0.00023146291000419148	3.650831883326685e-9	0.0004638502563404781	2.1881347928973754e-8	4.159928496726051e-14	7.490117936298616e-13	5.358304379242607e-15
3.043956043956043956043956043956	0.00023154784538168636	3.6650434733109785e-9	0.0004642639690450288	2.1988461562969886e-8	4.177452213347377e-14	7.538273754114753e-13	5.483057477375383e-15
3.0549450549450549450549450549451	0.000231460203261763	3.6748653500988046e-9	0.00046433318657696567	2.2069366112525837e-8	4.185702165796981e-14	7.573067800844137e-13	5.690788799341543e-15
3.0659340659340659340659340659341	0.0002311989757606967	3.6802606243758373e-9	0.0004640556754869413	2.212381214737096e-8	4.1843881223876324e-14	7.595489523322996e-13	5.826015829920318e-15
3.0769230769230769230769230769231	0.00023110596484787508	3.6811981534555068e-9	0.0004634295109273552	2.2151584338787002e-8	4.177270773674839e-14	7.605889706503962e-13	5.99108534441978e-15
3.0879120879120879120879120879121	0.0002328325361342763	3.7066418142764575e-9	0.0004642839246911488	2.218150159261664e-8	4.1642537568064036e-14	7.61297302278986e-13	6.183132037581831e-15
3.0989010989010989010989010989011	0.00023477006956807323	3.727740508459769e-9	0.00046802669373242103	2.2330066353299097e-8	4.1615395750264534e-14	7.667071431991219e-13	6.291461237172847e-15
3.1098901098901098901098901098901	0.00023654615221611094	3.744430084041894e-9	0.0004718179375108222	2.245241135219125e-8	4.156223304237642e-14	7.708434719973701e-13	6.30965888970146e-15
3.1208791208791208791208791208791	0.000238158176083817	3.756652441865015e-9	0.00047528381291767275	2.2548160560554724e-8	4.163362354244051e-14	7.738096189055755e-13	6.381750849537549e-15
3.1318681318681318681318681318681	0.00023960366876576446	3.764355056134408e-9	0.000478419173972034	2.2616970795205672e-8	4.1935947109533324e-14	7.753287210048528e-13	6.378395140836809e-15
3.1428571428571428571428571428571	0.00024088029664026353	3.767490921042472e-9	0.0004812191486011068	2.2658532099313036e-8	4.214824384571404e-14	7.755931185033078e-13	6.270798292572242e-15
3.1538461538461538461538461538462	0.00024198586794094753	3.766019048037332e-9	0.00048367914496805377	2.2672568952414644e-8	4.2474247859911676e-14	7.76493407431935e-13	6.098506656185869e-15
3.1648351648351648351648351648352	0.0002429183357007785	3.774466197489864e-9	0.0004857948575507925	2.2658840642690484e-8	4.271849888173294e-14	7.792780531816068e-13	5.977340351908156e-15
3.1758241758241758241758241758242	0.00024367580056571086	3.792263712431454e-9	0.0004875622729628643	2.2726592113528082e-8	4.3093523918818696e-14	7.816189408025334e-13	5.830689288140328e-15
3.1868131868131868131868131868132	0.0002442565134737319	3.820183773034328e-9	0.0004889776755102285	2.2850368403619684e-8	4.348772047609027e-14	7.849088427169293e-13	5.7155790748840736e-15
3.1978021978021978021978021978022	0.00024465887819602873	3.843605279186433e-9	0.0004900376524768444	2.301366433410501e-8	4.380586008641194e-14	7.873032815453321e-13	5.745225136822159e-15
3.2087912087912087912087912087912	0.00024488145373790414	3.862474395851861e-9	0.0004907390991313354	2.3149831963420493e-8	4.411850164904935e-14	7.92517319602085e-13	5.843693250213673e-15
3.2197802197802197802197802197802	0.00024492295659455906	3.876742890628452e-9	0.0004910792234499439	2.3258553286377518e-8	4.425809119981254e-14	7.974336409158392e-13	6.01844906770877e-15
3.2307692307692307692307692307692	0.00024478226286039944	3.886368576035222e-9	0.0004910555505474217	2.3339545534326e-8	4.4343640768946936e-14	8.009304011261266e-13	6.268386537152392e-15
3.2417582417582417582417582417582	0.000244458410187831	3.891315162322885e-9	0.0004906659268121264	2.3392561298356853e-8	4.428456121440944e-14	8.030991798742731e-13	6.4888236181227806e-15
3.2527472527472527472527472527473	0.0002443126285879722	3.891552483736085e-9	0.0004899085237370718	2.3417389256729134e-8	4.4192309576784795e-14	8.039779642235807e-13	6.653626252087476e-15
3.2637362637362637362637362637363	0.0002460891851414969	3.917696273605453e-9	0.0004907227028925759	2.3444505209515956e-8	4.404740424232671e-14	8.045880510124158e-13	6.842992092683774e-15
3.2747252747252747252747252747253	0.0002480897368697867	3.939243641644972e-9	0.0004945844731924922	2.3597020452462818e-8	4.3949406663356276e-14	8.101622822412665e-13	7.006586722842068e-15
3.2857142857142857142857142857143	0.00024991926644817107	3.956129437813624e-9	0.0004984958332317594	2.3721805613095225e-8	4.392009303155558e-14	8.143883227449976e-13	7.039438549278964e-15
3.2967032967032967032967032967033	0.0002515751199832802	3.968294919774945e-9	0.0005020626404162134	2.3818479480047567e-8	4.397281848037793e-14	8.174000627002945e-13	7.082444436196658e-15
3.3076923076923076923076923076923	0.00025305478742421384	3.975687362717772e-9	0.0005052796621089813	2.3886695498771195e-8	4.4261426562763545e-14	8.188876470498466e-13	7.055094130008266e-15
3.3186813186813186813186813186813	0.00025435590579154084	3.978259713226219e-9	0.0005081419561284953	2.3926142283238627e-8	4.454000029348605e-14	8.190164553985753e-13	6.9063311103543336e-15
3.3296703296703296703296703296703	0.0002554762622759236	3.9759714047112455e-9	0.000510644877140643	2.3936544951147903e-8	4.4919924614997256e-14	8.198029989269162e-13	6.722616002367911e-15
3.3406593406593406593406593406593	0.0002564137972012108	3.984158888900526e-9	0.0005127840827867449	2.3917665122499634e-8	4.518011863319046e-14	8.226328839383302e-13	6.614517895396934e-15
3.3516483516483516483516483516484	0.0002571666068498594	4.002216206163251e-9	0.0005145555395382941	2.3984811794502593e-8	4.541066199721739e-14	8.249866400834812e-13	6.42478942948409e-15
3.3626373626373626373626373626374	0.00025773294614586954	4.030952739357961e-9	0.0005159555282723273	2.4111078407598473e-8	4.5781744871515103e-14	8.282881386754123e-13	6.303707854566667e-15
3.3736263736263736263736263736264	0.000258111231192422	4.0549377022060755e-9	0.0005169806495598421	2.4279020460193194e-8	4.6116316697600835e-14	8.307063298687578e-13	6.302953232274e-15
3.3846153846153846153846153846154	0.0002583000416613274	4.074116981561698e-9	0.0005176278286608911	2.441831592974659e-8	4.6436125843803053e-14	8.360746724786737e-13	6.425128207208737e-15
3.3956043956043956043956043956044	0.0002582981230298524	4.088442277897537e-9	0.0005178943202197534	2.4528644978083165e-8	4.655451459083887e-14	8.410893710880227e-13	6.594054086653273e-15
3.4065934065934065934065934065934	0.00025810438866364125	4.097871725711018e-9	0.0005177777126533781	2.460972493403186e-8	4.658541599017771e-14	8.446355804674394e-13	6.803419462110733e-15
3.4175824175824175824175824175824	0.0002577179217410302	4.1023696443558485e-9	0.0005172759322283019	2.46613104219534e-8	4.6527664461928146e-14	8.468049334853081e-13	6.978890773779046e-15
3.4285714285714285714285714285714	0.00025751935800198575	4.101906731163292e-9	0.0005163872468186209	2.468319409578002e-8	4.6461862760148e-14	8.475329728806441e-13	7.15996751459015e-15
3.4395604395604395604395604395604	0.0002593457565291356	4.128750620255016e-9	0.0005171617692023462	2.4707508886584566e-8	4.635241038742652e-14	8.481071164576937e-13	7.372533143150703e-15
3.4505494505494505494505494505495	0.000261409337470647	4.150746653630405e-9	0.0005211425819930499	2.486397462666212e-8	4.620916663906071e-14	8.537901586931473e-13	7.514386541246692e-15
3.4615384615384615384615384615385	0.0002632923249592479	4.1678286981963654e-9	0.0005251740147164644	2.4991199963477484e-8	4.6216362609497004e-14	8.580776484400084e-13	7.567716698178244e-15
3.4725274725274725274725274725275	0.00026499201919271954	4.179937370606137e-9	0.0005288417098395233	2.5088798431168065e-8	4.630955254482196e-14	8.61027764738038e-13	7.61536915058651e-15
3.4835164835164835164835164835165	0.0002665058724645424	4.187019599264789e-9	0.0005321403481097009	2.5156420215570678e-8	4.669372042790037e-14	8.624590861841974e-13	7.588466822438616e-15
3.4945054945054945054945054945055	0.0002678314924273957	4.189028520483501e-9	0.0005350649172769754	2.5193752539149945e-8	4.701033256571484e-14	8.623943052913064e-13	7.432764687935719e-15
3.5054945054945054945054945054945	0.000268966645218689	4.1859237855066326e-9	0.000537610718550615	2.5200520986463826e-8	4.7344222773599293e-14	8.631162152752534e-13	7.251357252824571e-15
3.5164835164835164835164835164835	0.00026990925844308766	4.193851579777406e-9	0.0005397733727760979	2.5176489685845056e-8	4.7602525373788935e-14	8.659355792469324e-13	7.127834338797822e-15
3.5274725274725274725274725274725	0.0002706574240093154	4.212168558284167e-9	0.0005415488263236104	2.5243031499726936e-8	4.788035501247381e-14	8.682946497698748e-13	6.913399863650524e-15
3.5384615384615384615384615384615	0.00027120940081722616	4.2417215265762905e-9	0.0005429333566818527	2.537178846780757e-8	4.8272774118699e-14	8.71672086404874e-13	6.8122064441444695e-15
3.5494505494505494505494505494505	0.0002715636172918109	4.266269976747042e-9	0.0005439235777500479	2.554437668165395e-8	4.855586167803745e-14	8.740736483653703e-13	6.827335894803355e-15
3.5604395604395604395604395604396	0.00027171867376106344	4.285759444389159e-9	0.0005445164448204239	2.56867999828822e-8	4.88295682407505e-14	8.796206337418029e-13	6.932515219733421e-15
3.5714285714285714285714285714286	0.00027167334467433383	4.3001415992647325e-9	0.0005447092592460028	2.579873671793954e-8	4.887378332376956e-14	8.847497930411514e-13	7.078132168920976e-15
3.5824175824175824175824175824176	0.00027142658065820534	4.309374858352977e-9	0.0005444996727866907	2.5879904412724222e-8	4.889218040617365e-14	8.883581101007656e-13	7.26774161899907e-15
3.5934065934065934065934065934066	0.0002709775104070467	4.313424086522847e-9	0.0005438856916276454	2.5930059727524626e-8	4.886275262321494e-14	8.904593323226269e-13	7.434503823577274e-15
3.6043956043956043956043956043956	0.00027072615307135995	4.3122610178687825e-9	0.0005428656800645793	2.5948999138679585e-8	4.876691090039722e-14	8.911504316335483e-13	7.572205258361719e-15
3.6153846153846153846153846153846	0.00027260225028419603	4.3398051212558495e-9	0.000543601123474152	2.5970512731012993e-8	4.865456048929602e-14	8.915338842203131e-13	7.735226433789645e-15
3.6263736263736263736263736263736	0.0002747288713575956	4.362249822685984e-9	0.0005477010200282161	2.6130928937514057e-8	4.8551639153760565e-14	8.973788085629975e-13	7.9042825853782e-15
3.6373626373626373626373626373626	0.0002766653277362552	4.379528097868925e-9	0.0005518524818583473	2.6260594453816727e-8	4.859575684721292e-14	9.017318079496959e-13	7.950407657986736e-15
3.6483516483516483516483516483516	0.00027840887369897104	4.39157993757539e-9	0.0005556210210804568	2.635911752504054e-8	4.873779119507367e-14	9.047097018031421e-13	8.02848124176983e-15
3.6593406593406593406593406593407	0.00027995692387343494	4.3983520174930944e-9	0.0005590012318664242	2.6426145092231086e-8	4.910392213944976e-14	9.060285336814793e-13	8.003067624943735e-15
3.6703296703296703296703296703297	0.00028130705653436753	4.3997974109779255e-9	0.000561988031938392	2.6461362963958044e-8	4.941859903122904e-14	9.058041840806545e-13	7.886568839282865e-15
3.6813186813186813186813186813187	0.00028245701675581815	4.395876225010149e-9	0.0005645766690895341	2.6464497194156837e-8	4.979817968776622e-14	9.064710915364205e-13	7.743529278256489e-15
3.6923076923076923076923076923077	0.000283404719412983	4.403544276679462e-9	0.0005667627274101255	2.643531439663308e-8	5.002327215790207e-14	9.093027826476999e-13	7.637775017030261e-15
3.7032967032967032967032967032967	0.0002841482520306806	4.422120985297502e-9	0.0005685421332098472	2.6501251468997584e-8	5.0286334202652867e-14	9.116821971215519e-13	7.4207500844611e-15
3.7142857142857142857142857142857	0.00028468587747439595	4.452490385071571e-9	0.000569911160630012	2.663249877532051e-8	5.0659456893053356e-14	9.150343323359428e-13	7.35002900676799e-15
3.7252747252747252747252747252747	0.00028501603648063977	4.4776023720521804e-9	0.0005708664369387073	2.6809733100901368e-8	5.0971341090660087e-14	9.17439155625176e-13	7.357740955163943e-15
3.7362637362637362637362637362637	0.00028513735002360583	4.497402014369043e-9	0.000571404947501165	2.695528420661901e-8	5.122119379977934e-14	9.230987594131319e-13	7.441068739124989e-15
3.7472527472527472527472527472527	0.0002850486215144802	4.511841006662636e-9	0.0005715240404201235	2.7068828645156128e-8	5.126443118035472e-14	9.283679171532674e-13	7.511239493691221e-15
3.7582417582417582417582417582418	0.000284748838830703	4.520878065536071e-9	0.0005712214308389287	2.7150083997119243e-8	5.1226105024403514e-14	9.320122930274457e-13	7.687782244412421e-15
3.7692307692307692307692307692308	0.0002842371761725571	4.524478680031766e-9	0.0005704952049021291	2.7198808977597265e-8	5.114723927821319e-14	9.341348208644985e-13	7.801704116107146e-15
3.7802197802197802197802197802198	0.0002839330137774455	4.522615424566386e-9	0.000569343823367325	2.7214804116883208e-8	5.106749415324946e-14	9.347529255204338e-13	7.915733471734504e-15
3.7912087912087912087912087912088	0.0002858586663931971	4.550859662739474e-9	0.0005700407655619935	2.723351659424757e-8	5.0949479065211874e-14	9.350388275220413e-13	7.99210837902809e-15
3.8021978021978021978021978021978	0.0002880483385171278	4.573753060970221e-9	0.0005742597871922122	2.7397883273832412e-8	5.0855392269992555e-14	9.410462967879759e-13	8.108083380481488e-15
3.8131868131868131868131868131868	0.00029003827476557943	4.591227532674015e-9	0.0005785312345510373	2.7529988894610396e-8	5.090411319663919e-14	9.454853387398072e-13	8.208554615532017e-15
3.8241758241758241758241758241758	0.0002918256834883448	4.603222528573581e-9	0.0005824005740319605	2.762943657192187e-8	5.10271321984852e-14	9.484618253772433e-13	8.285700033560604e-15
3.8351648351648351648351648351648	0.00029340794163727014	4.609684421013718e-9	0.0005858623132716913	2.7695869863563867e-8	5.147481012823953e-14	9.496934635722934e-13	8.285204585562549e-15
3.8461538461538461538461538461538	0.0002947825980988778	4.610566362903679e-9	0.0005889113000047981	2.7728973226344794e-8	5.185107931845932e-14	9.493207971287918e-13	8.224858377393348e-15
3.8571428571428571428571428571429	0.0002959473768737089	4.605828711913702e-9	0.0005915427286489973	2.772847325500794e-8	5.2266096032413206e-14	9.49860067373252e-13	8.094105353836596e-15
3.8681318681318681318681318681319	0.00029690018009726946	4.613237057033978e-9	0.0005937521465801382	2.769413898531114e-8	5.2490670241981156e-14	9.52697702279975e-13	7.978575035725147e-15
3.8791208791208791208791208791209	0.00029763909090025687	4.63207346568814e-9	0.0005955354600880906	2.775947118481798e-8	5.2751813945350535e-14	9.550426357221427e-13	7.814510842941665e-15
3.8901098901098901098901098901099	0.00029816237610368057	4.6632592931018035e-9	0.0005968889400077267	2.7893208788544267e-8	5.30788897493445e-14	9.585285830465054e-13	7.679000479269993e-15
3.9010989010989010989010989010989	0.0002984684887453538	4.688934745982808e-9	0.0005978092270168087	2.8075089215928167e-8	5.3386489699318094e-14	9.609065337796878e-13	7.690029681432509e-15
3.9120879120879120879120879120879	0.0002985560704354936	4.709044530357835e-9	0.0005982933365943949	2.8223768178707995e-8	5.354869121566217e-14	9.667637187659482e-13	7.742466081880496e-15
3.9230769230769230769230769230769	0.0002984239535368783	4.723540359601331e-9	0.0005983386636336323	2.8338920334105404e-8	5.352316017356336e-14	9.721695491696898e-13	7.8316561137312e-15
3.9340659340659340659340659340659	0.0002980711631678826	4.7323811894898495e-9	0.0005979429867019795	2.8420263414842215e-8	5.354161142022528e-14	9.758250018147695e-13	8.0184959316257e-15
3.9450549450549450549450549450549	0.0002974969190243756	4.7355331348160306e-9	0.0005971044719440427	2.8467558176457214e-8	5.3502705170488655e-14	9.779252227133744e-13	8.152725774321784e-15
3.956043956043956043956043956044	0.0002971399401017451	4.732969718052536e-9	0.0005958216766197446	2.8480609082304342e-8	5.3430669976483746e-14	9.784557268053992e-13	8.248372176253735e-15
3.967032967032967032967032967033	0.00029911500484294313	4.761914212490679e-9	0.0005964806953196518	2.8496520335424534e-8	5.337759996300137e-14	9.785959314946003e-13	8.31080175767181e-15
3.978021978021978021978021978022	0.00030136773893593173	4.785256252061571e-9	0.0006008188833791149	2.8664837415875078e-8	5.324466910430872e-14	9.84762775622975e-13	8.445558103896056e-15
3.989010989010989010989010989011	0.00030341116603382304	4.802926963526556e-9	0.0006052102726878613	2.8799383236404723e-8	5.328758783665055e-14	9.892765437888404e-13	8.531833196993559e-15
4.	0.0003052424485474105	4.814865111534802e-9	0.0006091803685868247	2.8899755567951564e-8	5.3558330542306126e-14	9.922251280127957e-13	8.606438619537868e-15
4.010989010989010989010989010989	0.00030685892574248334	4.821016794118983e-9	0.0006127235922177009	2.8965594668884103e-8	5.401345172287977e-14	9.9342508367579e-13	8.610201002115016e-15
4.021978021978021978021978021978	0.0003082581171073374	4.821335215548549e-9	0.0006158347213680733	2.8996583559469786e-8	5.435020791623488e-14	9.928923365686675e-13	8.549078883309427e-15
4.032967032967032967032967032967	0.00030943772555872955	4.8157811712075755e-9	0.0006185088971207036	2.899244932809921e-8	5.474111558517277e-14	9.933338547715077e-13	8.374893141022481e-15
4.043956043956043956043956043956	0.0003103956404823369	4.822929783827326e-9	0.0006207416301776488	2.895296358742491e-8	5.4937770865166923e-14	9.961750358044892e-13	8.248247224176833e-15
4.0549450549450549450549450549451	0.00031112994060450997	4.842025978601368e-9	0.0006225288068498719	2.9017690986327386e-8	5.521103976140376e-14	9.985282110297888e-13	8.016996906490903e-15
4.0659340659340659340659340659341	0.00031163889669153736	4.874028243526182e-9	0.0006238666947064761	2.9153918889879706e-8	5.547160004470564e-14	1.0019978762308584e-12	7.836523036352242e-15
4.0769230769230769230769230769231	0.00031192097407241635	4.900267170609021e-9	0.0006247519478757612	2.9340445446936607e-8	5.575608112501189e-14	1.0043654830602415e-12	7.820950113216472e-15
4.0879120879120879120879120879121	0.0003119748349832019	4.920687167326574e-9	0.0006251816119915047	2.9492252198457197e-8	5.5875500945903245e-14	1.0103319460901912e-12	7.953134339968079e-15
4.0989010989010989010989010989011	0.00031179934072810526	4.935239834620781e-9	0.0006251531287780502	2.9609012076690192e-8	5.5855327587548137e-14	1.0158432483010557e-12	8.126602562647124e-15
4.1098901098901098901098901098901	0.00031139355365612825	4.943884451978145e-9	0.0006246643402677571	2.9690442857439027e-8	5.5891847032771426e-14	1.01956504850453e-12	8.315040934560919e-15
4.1208791208791208791208791208791	0.00031075673894897105	4.946587722809313e-9	0.000623713492645633	2.9736307382659797e-8	5.5880165262707796e-14	1.0216181070142302e-12	8.396086219234269e-15
4.1318681318681318681318681318681	0.0003103469320253835	4.943324135868041e-9	0.0006222992397144394	2.974641402349319e-8	5.589389378058041e-14	1.021995075580218e-12	8.500826737778977e-15
4.1428571428571428571428571428571	0.0003123712656198689	4.972968756563202e-9	0.0006229209126008987	2.9759523984494953e-8	5.580890393805393e-14	1.0220818146053116e-12	8.628454707078675e-15
4.1538461538461538461538461538462	0.0003146870726002861	4.996759521585979e-9	0.0006273783084830631	2.9931791602225274e-8	5.574343070881617e-14	1.0283757140510055e-12	8.826889682168126e-15
4.1648351648351648351648351648352	0.0003167840015273029	5.014626463021706e-9	0.0006318895961622197	3.0068777570426756e-8	5.584697584683821e-14	1.03294511623442e-12	8.951474022298006e-15
4.1758241758241758241758241758242	0.00031865916886239407	5.026507773295825e-9	0.0006359604046377998	3.017007451909203e-8	5.602177341503963e-14	1.035897711325133e-12	9.028942529218463e-15
4.1868131868131868131868131868132	0.00032030987617530154	5.032349330791212e-9	0.0006395850685967636	3.02353193751322e-8	5.6524861529528465e-14	1.03700483125012e-12	9.049910992886273e-15
4.1978021978021978021978021978022	0.0003217336135458531	5.032104270364138e-9	0.0006427582959200595	3.0264193761240544e-8	5.692271372303216e-14	1.0363843145145385e-12	8.961159689648633e-15
4.2087912087912087912087912087912	0.0003229280627969749	5.025733720259603e-9	0.0006454751743960915	3.02564253504123e-8	5.727095634261372e-14	1.0367318695262287e-12	8.771583457660795e-15
4.2197802197802197802197802197802	0.00032389110055424384	5.032622706737021e-9	0.0006477311780938295	3.021178811379345e-8	5.748851408734939e-14	1.0395872029813106e-12	8.5716224584441e-15
4.2307692307692307692307692307692	0.0003246208011295614	5.051978668692766e-9	0.0006495221733860763	3.0275910736447684e-8	5.773230601459855e-14	1.0419020347717786e-12	8.262800148196858e-15
4.2417582417582417582417582417582	0.0003251154392241541	5.084797455993592e-9	0.0006508444246169916	3.04146289897686e-8	5.802367422380668e-14	1.0454073225405719e-12	8.043479443236966e-15
4.2527472527472527472527472527473	0.00032537349244809717	5.111599988127248e-9	0.0006516945994064229	3.060580169575201e-8	5.825177908877213e-14	1.0477705362022209e-12	8.012886572981735e-15
4.2637362637362637362637362637363	0.00032539364365292414	5.132330191082846e-9	0.00065206977358353	3.076073627154661e-8	5.835699188658399e-14	1.0538661440394418e-12	8.1524398244795e-15
4.2747252747252747252747252747253	0.0003251747830743527	5.1469396773232574e-9	0.0006519674357447084	3.087910388667428e-8	5.831495870169132e-14	1.0595018105912718e-12	8.299786052726264e-15
4.2857142857142857142857142857143	0.0003247160102819331	5.155388091621629e-9	0.0006513854914277915	3.096062241421973e-8	5.83615667886447e-14	1.063293368027424e-12	8.479498225108634e-15
4.2967032967032967032967032967033	0.00032401663593290914	5.157642696100126e-9	0.0006503222668988546	3.10050567170054e-8	5.835975554836526e-14	1.0653164915099298e-12	8.54011993338686e-15
4.3076923076923076923076923076923	0.0003235539895295686	5.153678881734654e-9	0.0006487765125439039	3.101221909716104e-8	5.842649857954754e-14	1.0656449587568366e-12	8.625527404330235e-15
4.3186813186813186813186813186813	0.00032562744871057113	5.184023575747204e-9	0.0006493614172593132	3.102252782261433e-8	5.837996797944146e-14	1.0656070339489224e-12	8.768814671713266e-15
4.3296703296703296703296703296703	0.0003280063394969255	5.20826295194643e-9	0.0006539380623979608	3.119874592718402e-8	5.827282742461789e-14	1.0720849665973504e-12	8.925564794113466e-15
4.3406593406593406593406593406593	0.00033015678123264055	5.2263261153052225e-9	0.0006585692048674651	3.133817208300366e-8	5.838283652875793e-14	1.0767247770694538e-12	9.063910572025389e-15
4.3516483516483516483516483516484	0.00033207584441998053	5.2381505921856044e-9	0.0006627406820777007	3.144039368778713e-8	5.857178668443135e-14	1.0797081497199444e-12	9.24981683152263e-15
4.3626373626373626373626373626374	0.00033376079292243523	5.243681937545309e-9	0.0006664467423011366	3.150504431342372e-8	5.910655818468764e-14	1.080730714279244e-12	9.275614896335104e-15
4.3736263736263736263736263736264	0.00033520908740122487	5.242873363928194e-9	0.0006696820235525775	3.1531804167196195e-8	5.951752788411872e-14	1.0799485365005578e-12	9.202590923703686e-15
4.3846153846153846153846153846154	0.0003364183885752327	5.235686405288018e-9	0.000672441560366688	3.152040153679242e-8	5.984198001276921e-14	1.0801458736889163e-12	8.986986746542567e-15
4.3956043956043956043956043956044	0.00033738656029979534	5.242315778591118e-9	0.0006747207902200329	3.147061282206118e-8	6.002488141378984e-14	1.0829836928853555e-12	8.816284788004255e-15
4.4065934065934065934065934065934	0.0003381116724621247	5.2619316130581055e-9	0.0006765155595879823	3.153413059894793e-8	6.02313443932924e-14	1.0853393133003757e-12	8.523156365452513e-15
4.4175824175824175824175824175824	0.00033859200368828516	5.2955668827252296e-9	0.0006778221296306636	3.167533920863319e-8	6.053948350315285e-14	1.0888972111008916e-12	8.37517590760618e-15
4.4285714285714285714285714285714	0.00033882604385901795	5.3229329427980925e-9	0.0006786371815001349	3.1871157986529025e-8	6.071171892806454e-14	1.0912572792770003e-12	8.375556869063166e-15
4.4395604395604395604395604395604	0.00033881249643150205	5.34397335259355e-9	0.000678957821261938	3.202922041122762e-8	6.082371066856314e-14	1.0975058458570127e-12	8.487578308455839e-15
4.4505494505494505494505494505495	0.00033855028056253313	5.358639639968349e-9	0.0006787815844251414	3.214919568350909e-8	6.083138658204938e-14	1.1033106754596863e-12	8.568028367532797e-15
4.4615384615384615384615384615385	0.00033803853303216087	5.36689178776994e-9	0.0006781064400739774	3.223080193819387e-8	6.090713924551508e-14	1.1071575123020319e-12	8.711139730793843e-15
4.4725274725274725274725274725275	0.00033727660996312814	5.368697641436287e-9	0.0006769307945960323	3.2273805925141444e-8	6.096313051544003e-14	1.1091282045788685e-12	8.78104465311343e-15
4.4835164835164835164835164835165	0.00033676111259595815	5.364033525532444e-9	0.0006752534950009373	3.227802407042875e-8	6.105337272245033e-14	1.1093358497616676e-12	8.901539055797677e-15
4.4945054945054945054945054945055	0.0003388835541021036	5.395078242087446e-9	0.0006758022091488565	3.2285531588584793e-8	6.10471601480037e-14	1.1091641238386997e-12	9.077795721713643e-15
4.5054945054945054945054945054945	0.0003413255396125984	5.419766213582338e-9	0.0006804981450182009	3.246570015183823e-8	6.098991226134317e-14	1.1157712266659542e-12	9.231064039734834e-15
4.5164835164835164835164835164835	0.00034352950513647754	5.438025522860972e-9	0.0006852490986971693	3.2607566484395905e-8	6.111486505696345e-14	1.120457359973735e-12	9.396751136467131e-15
4.5274725274725274725274725274725	0.0003454924752065688	5.4497931763775906e-9	0.0006895212007994452	3.27107127466225e-8	6.135439789075912e-14	1.123443016771489e-12	9.548214402775215e-15
4.5384615384615384615384615384615	0.0003472116759701549	5.4550143928368685e-9	0.0006933086132232969	3.27747691542845e-8	6.18719561363903e-14	1.1244184296391759e-12	9.579907001227522e-15
4.5494505494505494505494505494505	0.0003486845386596534	5.4536423651203005e-9	0.0006966059041577244	3.279941449419748e-8	6.223537344339468e-14	1.1234896859187184e-12	9.458430288928416e-15
4.5604395604395604395604395604396	0.0003499087028797044	5.4456389431052845e-9	0.0006994080549242345	3.278437760717897e-8	6.25734841339062e-14	1.1236036401257147e-12	9.238467654885037e-15
4.5714285714285714285714285714286	0.0003508820197051298	5.452008622983699e-9	0.0007017104664476804	3.272943739417215e-8	6.271452708413271e-14	1.1264740999413161e-12	9.090366530670873e-15
4.5824175824175824175824175824176	0.0003516025545883016	5.471884227845876e-9	0.0007035089653468329	3.279235038000192e-8	6.291378428919668e-14	1.1288498761388022e-12	8.873149219085629e-15
4.5934065934065934065934065934066	0.0003520685900699651	5.506336033991875e-9	0.0007047998096385592	3.2936049287223437e-8	6.32057329658403e-14	1.1324081085046392e-12	8.798892536510097e-15
4.6043956043956043956043956043956	0.00035227862829140564	5.5342656040284155e-9	0.0007055796940480353	3.313651422148032e-8	6.338325954574891e-14	1.1348198573032771e-12	8.829790412372129e-15
4.6153846153846153846153846153846	0.0003522313933051053	5.555616236272853e-9	0.000705845754917965	3.329770444311666e-8	6.346803571363542e-14	1.1411880028422695e-12	8.94986528140787e-15
4.6263736263736263736263736263736	0.0003519258331788842	5.570339435044795e-9	0.0007055955747109109	3.341928745162525e-8	6.354083746946484e-14	1.1470795644362149e-12	8.993175312468646e-15
4.6373626373626373626373626373626	0.0003513611218931055	5.578395355863909e-9	0.0007048271860981018	3.350098141587342e-8	6.361941025757274e-14	1.1509702893932315e-12	9.116870425822511e-15
4.6483516483516483516483516483516	0.00035053666102603543	5.579752514801143e-9	0.00070353907562922	3.3542555195830303e-8	6.37935396309355e-14	1.1529095071546845e-12	9.200288483077864e-15
4.6593406593406593406593406593407	0.00034996830120557104	5.574388236588918e-9	0.0007017301869780132	3.354382908043987e-8	6.386553195715676e-14	1.153027078462934e-12	9.313535333473906e-15
4.6703296703296703296703296703297	0.00035213958178076425	5.60613302417641e-9	0.0007022432881231929	3.354853532075771e-8	6.384542253127406e-14	1.1527804398058745e-12	9.466349915194831e-15
4.6813186813186813186813186813187	0.00035464467293369134	5.631269633959539e-9	0.0007070585562377929	3.373265436584427e-8	6.365116125056011e-14	1.1595217072905347e-12	9.600730249155238e-15
4.6923076923076923076923076923077	0.00035690217322521036	5.64972509653456e-9	0.0007119292775447779	3.387696087144363e-8	6.37829334793854e-14	1.164295375318228e-12	9.767780591351339e-15
4.7032967032967032967032967032967	0.00035890906120866544	5.661435864701392e-9	0.0007163019606958964	3.3981031761985206e-8	6.389973403154038e-14	1.1672327538812434e-12	9.918097196156585e-15
4.7142857142857142857142857142857	0.0003606625253049584	5.666346857409078e-9	0.0007201706812555429	3.4044493955456624e-8	6.438431346823264e-14	1.1681351078225272e-12	9.914339372413181e-15
4.7252747252747252747252747252747	0.0003621599673076225	5.664411314107929e-9	0.0007235299376273666	3.4067024841430874e-8	6.470788932397559e-14	1.1670283413191831e-12	9.83697266908551e-15
4.7362637362637362637362637362637	0.00036339900569681106	5.655591475045118e-9	0.000726374657960296	3.404835372515169e-8	6.502392741544743e-14	1.1670337608792992e-12	9.673863575567651e-15
4.7472527472527472527472527472527	0.00036437747875678756	5.661701491054433e-9	0.0007287002066681598	3.398826200577243e-8	6.511906324650231e-14	1.1698680214278528e-12	9.60240437456408e-15
4.7582417582417582417582417582418	0.00036509344749475787	5.681836791576283e-9	0.0007305023905538467	3.4050570165948485e-8	6.525395081687729e-14	1.1722542358368035e-12	9.50323377612114e-15
4.7692307692307692307692307692308	0.0003655451983559345	5.717105000210675e-9	0.0007317774645318313	3.419675942072693e-8	6.562151706667628e-14	1.1758884456034602e-12	9.507313111153772e-15
4.7802197802197802197802197802198	0.0003657312457320012	5.745598058476134e-9	0.0007325221369412723	3.440187048903836e-8	6.57636403514707e-14	1.178270563149103e-12	9.574598625858784e-15
4.7912087912087912087912087912088	0.0003656503342604655	5.767258916913352e-9	0.0007327335744428516	3.4566188528353014e-8	6.588290096178334e-14	1.1847597854124287e-12	9.696112898564008e-15
4.8021978021978021978021978021978	0.00036530144091012797	5.782038986654182e-9	0.0007324094064934049	3.468937919760063e-8	6.602325636703769e-14	1.1908071695323382e-12	9.716758186055804e-15
4.8131868131868131868131868131868	0.0003646837768515802	5.789898765438412e-9	0.0007315477293917912	3.47711608203573e-8	6.618966703869357e-14	1.1947465757944569e-12	9.782041932058438e-15
4.8241758241758241758241758241758	0.0003637967891083472	5.790807321380436e-9	0.0007301471098905522	3.481130436739795e-8	6.633116929928833e-14	1.1967819004473554e-12	9.860606576333966e-15
4.8351648351648351648351648351648	0.0003631755553397787	5.784742824294487e-9	0.0007282065883677241	3.480963396841708e-8	6.64048346915757e-14	1.196800708588912e-12	9.968343598740791e-15
4.8461538461538461538461538461538	0.0003653955317332666	5.817187710850695e-9	0.0007286846540359749	3.481153907265977e-8	6.634364340045087e-14	1.19656682300888e-12	1.0069713172849548e-14
4.8571428571428571428571428571429	0.0003679637394467885	5.84277296773214e-9	0.0007336192959507006	3.4999608607230995e-8	6.616745412689492e-14	1.2034305505332003e-12	1.0210282779088327e-14
4.8681318681318681318681318681319	0.00037027478548528725	5.8614246115129744e-9	0.0007386097413034595	3.5146355273350575e-8	6.628148513565983e-14	1.2082328129065498e-12	1.0346115309524588e-14
4.8791208791208791208791208791209	0.00037232560241263655	5.87307846124539e-9	0.0007430829616597442	3.5251350764260955e-8	6.650494521078408e-14	1.2111376347807496e-12	1.0422202528977725e-14
4.8901098901098901098901098901099	0.00037411334091322986	5.877679232260296e-9	0.0007470329462900815	3.531421868475958e-8	6.697832519646387e-14	1.2119145903174493e-12	1.0377998964347011e-14
4.9010989010989010989010989010989	0.00037563537333148414	5.875180179774191e-9	0.0007504541238532813	3.533463508385521e-8	6.731588368593899e-14	1.2106439416785736e-12	1.0308124637701082e-14
4.9120879120879120879120879120879	0.0003768892970129061	5.8655438966741545e-9	0.0007533413693662485	3.5312329774164305e-8	6.758365229247589e-14	1.2105015046558208e-12	1.0221817261327401e-14
4.9230769230769230769230769230769	0.00037787293744101415	5.871394159871377e-9	0.0007556900107725447	3.524708656352462e-8	6.765366322745828e-14	1.2133302235469102e-12	1.0234030628269172e-14
4.9340659340659340659340659340659	0.0003785843511676941	5.891789211463719e-9	0.0007574958351000444	3.5308789947275774e-8	6.775869093779652e-14	1.2156962312867998e-12	1.0180296856855413e-14
4.9450549450549450549450549450549	0.0003790218285323627	5.92787392693415e-9	0.0007587550942015595	3.545746948531144e-8	6.80616086118564e-14	1.2193254997150097e-12	1.0230403545316445e-14
4.956043956043956043956043956044	0.0003791838961669547	5.956930542936551e-9	0.0007594645100710748	3.56672266664335e-8	6.822343737570238e-14	1.2216902877170002e-12	1.0384546843565524e-14
4.967032967032967032967032967033	0.00037906931928388926	5.978901669349967e-9	0.000759621279728065	3.583467247374904e-8	6.840096284966e-14	1.2283959459252998e-12	1.0523910750054788e-14
4.978021978021978021978021978022	0.0003786771037427022	5.993738631786664e-9	0.0007592230796643606	3.595947086831627e-8	6.853798316321057e-14	1.2345802402659097e-12	1.0529518846812567e-14
4.989010989010989010989010989011	0.0003780064978940092	6.001402196271196e-9	0.0007582680698471497	3.604134021585291e-8	6.879888708543953e-14	1.2385361458801279e-12	1.0533489831994988e-14