0	0.	0.	0.	0.	0.	0.	0.
0.010989010989010989010989010989011	0.0004285592744769367	0.000019899040272720482	0.0004262515977430221	0.000019828205227341652	1.5067515370439942e-6	1.507556473161256e-6	1.5512663063864475e-7
0.021978021978021978021978021978022	0.0008562268700546224	0.000039947875813503096	0.0008520483158169375	0.00003981558003614661	3.006561188382863e-6	3.012209726845754e-6	3.1028374999019585e-7
0.032967032967032967032967032967033	0.0012821123316081467	0.0000600851601896118	0.0012765037194574216	0.00005994455956563994	4.50074333011798e-6	4.507033810261847e-6	4.6446765940830065e-7
0.043956043956043956043956043956044	0.0017053276500340884	0.00008023586952753771	0.0016987331264688153	0.00008012762506626669	6.012401572523154e-6	5.997540921142597e-6	6.166789854082208e-7
0.054945054945054945054945054945055	0.0021249884814425013	0.00010032835905875421	0.00211785482202681	0.00010029212993392746	7.5266341222169615e-6	7.51575869461598e-6	7.659263636663781e-7
0.065934065934065934065934065934066	0.002540215361773141	0.00012029113203792659	0.0025329912698066614	0.00012036645708976687	9.029897073696283e-6	9.030299246561822e-6	9.180262133436651e-7
0.076923076923076923076923076923077	0.002950134915315468	0.0001400529890436854	0.002943270317922223	0.0001402791881697784	0.000010514499526124667	0.0000105306488991817	1.0685800160640592e-6
0.087912087912087912087912087912088	0.003354942425531451	0.00015954317620075093	0.0033478263981686503	0.00015995925249095787	0.000011972798716543738	0.000012009126790930509	1.216246502469015e-6
0.098901098901098901098901098901099	0.003787417176398406	0.00018003401285501187	0.0037507701672426347	0.00017953041471702535	0.000013517951957019865	0.000013472820877997472	1.3738596403893019e-6
0.10989010989010989010989010989011	0.004228309315372652	0.00020045390930695378	0.004189260746997728	0.00020009103906211786	0.000015049215748370173	0.000015021389086977424	1.5300176700094937e-6
0.12087912087912087912087912087912	0.004669998203803019	0.00022069530644427843	0.004629273316636063	0.00022051326540987608	0.000016558093515427843	0.000016552111094041417	1.6849892049136015e-6
0.13186813186813186813186813186813	0.005111589525993706	0.0002406861913212886	0.005069624964117411	0.00024072499494568513	0.0000180368482068608	0.000018057222892726787	1.849989723190198e-6
0.14285714285714285714285714285714	0.005552186445196099	0.00026035472812673785	0.005509424613468992	0.0002606542060866801	0.000019502423558324685	0.000019528992173630496	2.012648733896689e-6
0.15384615384615384615384615384615	0.005990890827074446	0.0002796294093919405	0.005947779216190895	0.00028022910546743844	0.000021045716574800317	0.000021004318083194232	2.1719458105817717e-6
0.16483516483516483516483516483516	0.006426804466174651	0.00029850604874454527	0.006383794969901991	0.00029937827929436795	0.000022601159406374645	0.000022552446911001675	2.326864299422105e-6
0.17582417582417582417582417582418	0.0068590303138678956	0.0003172409767879439	0.006816578539334222	0.0003181521313496267	0.000024126545552199162	0.000024106884282369235	2.4774643615375815e-6
0.18681318681318681318681318681319	0.007286673706239485	0.00033825959096606833	0.007245238278154747	0.0003370357413148054	0.00002561490434581589	0.000025628363883202737	2.6371924646379663e-6
0.1978021978021978021978021978022	0.007708843590392125	0.00035953751424724765	0.007668885450092382	0.00035831702808077325	0.000027059322317937134	0.00002710992175228551	2.7926056358816452e-6
0.20879120879120879120879120879121	0.008124653747632911	0.00038055952385107606	0.008086635447845764	0.00037964703827175566	0.00002850587627277098	0.000028545433052302665	2.9416933755598366e-6
0.21978021978021978021978021978022	0.008533224012018779	0.00040121432681364716	0.008497609008252114	0.0004006501229729508	0.000030062596335412665	0.00002998880804056404	3.0834735382798717e-6
0.23076923076923076923076923076923	0.008933681482735437	0.00042143010936709853	0.008900933422198184	0.00042125405342710657	0.000031612815322025756	0.00003156655221594782	3.216983771772841e-6
0.24175824175824175824175824175824	0.009325161728794995	0.00044113568296108715	0.009295743737761094	0.00044138712773165274	0.00003311096533036086	0.000033111833015566284	3.366153483004447e-6
0.25274725274725274725274725274725	0.009706809984541275	0.00046026063170523894	0.009681183955071905	0.0004609783193492106	0.000034549400481442304	0.0000346018372205385	3.511122768822975e-6
0.26373626373626373626373626373626	0.010077782334463898	0.00047873545810163257	0.010056408211403784	0.0004799574240993122	0.0000359205959593086	0.00003602893840446114	3.648820750664687e-6
0.27472527472527472527472527472527	0.010504103311602108	0.0004999990210422413	0.010425777209623831	0.0004985735133825221	0.000037547943870979895	0.00003742192808833856	3.816196529572797e-6
0.28571428571428571428571428571429	0.010978659968817915	0.0005210979730185076	0.010874036760269244	0.0005201263613700931	0.000039126361847795045	0.00003905332128771626	3.9779784433057625e-6
0.2967032967032967032967032967033	0.011449518278891794	0.0005416393062816444	0.01134629425785049	0.0005411628081488137	0.00004064135514072102	0.000040625940742698115	4.135762682009208e-6
0.30769230769230769230769230769231	0.011915760659899724	0.0005615501647870285	0.011814413848075085	0.000561609525009163	0.000042085139425244016	0.00004213191181517337	4.316532322443731e-6
0.31868131868131868131868131868132	0.012376470565782798	0.0005807583432006296	0.012277482508139974	0.0005813937320132726	0.000043503631602750576	0.000043563464446626547	4.489655527567222e-6
0.32967032967032967032967032967033	0.012830733726691084	0.0005991924400607855	0.012734588787458262	0.0006004433514402913	0.00004509750931860391	0.00004500723375924451	4.65408275877318e-6
0.34065934065934065934065934065934	0.013277639389242714	0.0006169531084103144	0.013184824041896063	0.0006186871609737402	0.00004670882682598519	0.0000466077464787054	4.808780029748208e-6
0.35164835164835164835164835164835	0.01371628155515803	0.0006344769897145276	0.013627283667279406	0.0006363316575303343	0.00004825308944410123	0.000048213344903296476	4.9549286501598116e-6
0.36263736263736263736263736263736	0.014145760216732146	0.0006565729556855324	0.014061068330641892	0.0006541589373900656	0.000049723297361448526	0.000049748989147189035	5.119332909115843e-6
0.37362637362637362637362637362637	0.01456518258760776	0.0006791375418316342	0.014485285197681217	0.0006767923495725066	0.00005111256516063106	0.00005120769342223612	5.275019562496267e-6
0.38461538461538461538461538461538	0.014973664327316326	0.0007010665012519078	0.01489904915489785	0.000699344873237353	0.00005251298263323297	0.000052585328946691045	5.419028140068853e-6
0.3956043956043956043956043956044	0.015370330758060479	0.0007222474252288753	0.015301484024893092	0.0007211902986615993	0.000054113722205079826	0.000053981846060972973	5.550393672409369e-6
0.40659340659340659340659340659341	0.01575431807221611	0.0007426082988897831	0.015691723773308016	0.0007422558010007417	0.00005570043732965048	0.00005561789094889198	5.668182769161259e-6
0.41758241758241758241758241758242	0.01612477452904358	0.0007620782105944531	0.016068913705894958	0.0007624695609849354	0.00005719397742629793	0.000057194425470615345	5.8143644109426274e-6
0.42857142857142857142857142857143	0.01648086163910534	0.0007805874975692312	0.016432211654219764	0.0007817609121450906	0.00005858674050335365	0.000058674591907064684	5.953768942013323e-6
0.43956043956043956043956043956044	0.01682175533490057	0.0007980678891973224	0.016780789148506198	0.0008000604858819596	0.00005987131859039564	0.00006005081711153263	6.08150361656427e-6
0.45054945054945054945054945054945	0.01720117442387325	0.0008198407458314415	0.017113832576144072	0.0008174595003375629	0.00006157546642355408	0.00006136773452989831	6.258430984313056e-6
0.46153846153846153846153846153846	0.01770908772506824	0.0008416396547618955	0.017535125283787627	0.0008400249108290224	0.00006320153024111829	0.00006308242779423565	6.425856385975404e-6
0.47252747252747252747252747252747	0.018211814473583467	0.0008625021234946182	0.01804226963952145	0.0008616962603832605	0.00006472313860597633	0.00006469742951016765	6.5863938128093495e-6
0.48351648351648351648351648351648	0.01870542147988769	0.0008823544237271219	0.01854081682760186	0.0008823989627571795	0.00006613245880351484	0.00006620475335063664	6.782948544498601e-6
0.49450549450549450549450549450549	0.019188970154535943	0.0009011239505573249	0.019029829586703694	0.0009020594510671955	0.00006750288786437893	0.00006759659041567393	6.966552442183048e-6
0.50549450549450549450549450549451	0.01966152774897802	0.0009187393776442846	0.019508375760681453	0.0009206053337351569	0.00006914881539015027	0.00006900800233577947	7.136126804984936e-6
0.51648351648351648351648351648352	0.020122168611547277	0.0009354396503344269	0.019975529550311077	0.0009379655495521162	0.00007081624906349422	0.0000706623798739856	7.290620261910288e-6
0.52747252747252747252747252747253	0.020569975438727104	0.000951703073044853	0.02043037276122804	0.0009545362571453488	0.00007237963001563694	0.000072319380217126	7.432392792931152e-6
0.53846153846153846153846153846154	0.02100404052014866	0.0009748364063464374	0.0208719960465205	0.0009712587936716345	0.00007383192892565629	0.0000738694306119411	7.6015476732505265e-6
0.54945054945054945054945054945055	0.021423466975775452	0.000998745932013455	0.021299500142438255	0.0009952383079128856	0.00007516628806370724	0.00007530552307947738	7.757525247618435e-6
0.56043956043956043956043956043956	0.021827369983738694	0.0010216041670967032	0.021711997095684214	0.0010190358973736105	0.00007652206993491169	0.00007662672865305827	7.896471680907273e-6
0.57142857142857142857142857142857	0.02221487799729417	0.0010433333448477745	0.022108611480763193	0.0010417460789268762	0.00007816576500926472	0.00007797666231066385	8.017439127233875e-6
0.58241758241758241758241758241758	0.02258513394938147	0.0010638612167795907	0.022488481605868697	0.0010632953979955904	0.00007978948708924791	0.00007966975904492938	8.11952310805243e-6
0.59340659340659340659340659340659	0.02293729644327768	0.0010831171164637954	0.022850760705801738	0.0010836118850144792	0.00008127892146060159	0.00008127806180071693	8.262659265993952e-6
0.6043956043956043956043956043956	0.02327054092785037	0.001101032103408215	0.023194618120425003	0.0011026252014283897	0.00008262650887837685	0.00008274889923279879	8.396518856321998e-6
0.61538461538461538461538461538462	0.02358406085592916	0.0011175391039537732	0.02351924045717059	0.001120266782891335	0.00008382495711020232	0.00008407475031299698	8.51429544936929e-6
0.62637362637362637362637362637363	0.02393103043977273	0.0011395579591432668	0.023823832736133876	0.0011364699794099127	0.00008560051012503211	0.00008531023389855834	8.70056334201543e-6
0.63736263736263736263736263736264	0.02441784706979252	0.0011620776125165454	0.024195478263187704	0.001159785632183702	0.00008727471024793609	0.00008710870107925077	8.873651781416634e-6
0.64835164835164835164835164835165	0.024955132533508215	0.001183282303877724	0.024715496673960124	0.0011821124516307696	0.00008880343206516026	0.00008876656865572057	9.036882340777862e-6
0.65934065934065934065934065934066	0.025478810381949116	0.0012030974039186318	0.025247120829532958	0.0012030920236511162	0.00009017879336140903	0.00009027573756066886	9.249238119558179e-6
0.67032967032967032967032967032967	0.02598791764989459	0.0012214498785324632	0.02576474385665833	0.001222649966235175	0.00009150019926141141	0.00009162835896632036	9.443339196061766e-6
0.68131868131868131868131868131868	0.026481500767973735	0.0012382684460168977	0.026267410592635744	0.0012407135448554566	0.00009319963313843517	0.00009300663076235733	9.618077657071937e-6
0.69230769230769230769230769230769	0.02695861683632817	0.0012539632644641711	0.026754175771660473	0.001257211829448514	0.00009492342446258982	0.00009471634546256202	9.772384694835077e-6
0.7032967032967032967032967032967	0.02741833489045592	0.0012689142573148195	0.02722410528911625	0.0012727636869578499	0.00009650616560877538	0.00009642498857851691	9.909856716881498e-6
0.71428571428571428571428571428571	0.02785973715767928	0.0012931148232159762	0.02767627745743959	0.001288339380618704	0.00009794079738221386	0.00009798968662462078	0.000010083836468663758
0.72527472527472527472527472527473	0.028281920302684244	0.001318360596339746	0.0281097842520068	0.001313652592842798	0.000099220489376297	0.00009940340906730519	0.000010240122411604167
0.73626373626373626373626373626374	0.028683996660590162	0.0013421705327039543	0.028523732545503586	0.0013387178868922507	0.00010053314586602145	0.00010066963947646846	0.000010374023728316533
0.74725274725274725274725274725275	0.029065095456018698	0.00136447020115809	0.02891724532924776	0.0013623153317467932	0.00010221871028035244	0.00010197326427006175	0.000010484609644352763
0.75824175824175824175824175824176	0.029424364006641748	0.0013851870866914047	0.029289462919944453	0.0013843708090879284	0.00010387995124282392	0.00010372214038903336	0.000010571004542822115
0.76923076923076923076923076923077	0.029760968909704505	0.0014042507359780403	0.02963954415036901	0.0014048121657490916	0.00010536578522507714	0.00010536272691741553	0.000010711038313279449
0.78021978021978021978021978021978	0.030074097210033034	0.0014215928995518104	0.02996666754248456	0.0014235693585433068	0.00010666869458255773	0.00010682474518492152	0.00001083937282794606
0.79120879120879120879120879120879	0.03036295754805481	0.0014371476703599238	0.03027003246151893	0.0014405745956478386	0.00010778150170748605	0.00010810072511511556	0.000010947196593938293
0.8021978021978021978021978021978	0.030667487484169868	0.0014591494925365119	0.030548860249542873	0.0014557624742952652	0.00010962306578410125	0.00010924942016834658	0.000011142593944385393
0.81318681318681318681318681318681	0.03110319487813772	0.0014824105648456676	0.030885698160150323	0.0014794075259970578	0.00011134589148756907	0.00011113213390093764	0.000011321364916830195
0.82417582417582417582417582417582	0.03167772036679068	0.0015039784544972398	0.031364275055960525	0.001502410268704999	0.00011288222397189705	0.00011283334972969823	0.00001148722800691424
0.83516483516483516483516483516484	0.03223416769434167	0.0015237776028349836	0.031931615033898415	0.0015236874816893333	0.00011422413041609228	0.00011434485480185961	0.000011715400775304586
0.84615384615384615384615384615385	0.0327715471876966	0.001541734517314539	0.03248050534988857	0.0015431639400361912	0.00011549557257286133	0.00011565875928135439	0.00001192001550499674
0.85714285714285714285714285714286	0.03328888211426385	0.0015577779307912518	0.033009965534780784	0.001560766537579168	0.00011724996091362455	0.00011700312584867503	0.000012099935020433218
0.86813186813186813186813186813187	0.03378520997524471	0.0015725216178482666	0.033519028545207205	0.0015764244458402626	0.00011903035136828015	0.00011876964161215485	0.000012254073024960063
0.87912087912087912087912087912088	0.034259583788007225	0.001586105567506778	0.0340067420461639	0.0015910117798218324	0.00012063269456689892	0.00012053016834430186	0.00001238732034938686
0.89010989010989010989010989010989	0.0347110733559751	0.0016113787739104044	0.03447216968208051	0.0016053795696196005	0.00012204990107650848	0.0001221097555347273	0.000012566199009655719
0.9010989010989010989010989010989	0.035138766524469844	0.0016379793852918136	0.03491439233481834	0.0016320328416830694	0.0001232751674492843	0.000123501349731478	0.000012722810777509691
0.91208791208791208791208791208791	0.03554177042095898	0.001662763546570287	0.03533250936704974	0.0016583885629614238	0.0001245462182862668	0.0001247140688725041	0.000012851684015490952
0.92307692307692307692307692307692	0.03591921267817572	0.001685656045354331	0.03572563984948295	0.0016828958676864752	0.0001262725432606426	0.00012597165957713185	0.000012951904968239675
0.93406593406593406593406593406593	0.03627024263858869	0.0017065840668048567	0.036092923770409985	0.001705479939435474	0.00012797181613398176	0.00012777501860687128	0.000013022626830425527
0.94505494505494505494505494505495	0.0365940325387202	0.0017254773381819048	0.036433523226072816	0.0017260684077647574	0.0001294545562068016	0.00012944840546064355	0.000013159501814457752
0.95604395604395604395604395604396	0.03688977867182615	0.0017422682693715385	0.036746623590356964	0.0017445914919255803	0.00013071328628287018	0.00013090211546835747	0.000013282331169298011
0.96703296703296703296703296703297	0.03715670252747379	0.0017568920891492686	0.03703143466234364	0.0017609821404909805	0.00013174094225938766	0.00013212872833291784	0.000013380207391473666
0.97802197802197802197802197802198	0.03741004699181833	0.0017786142349311815	0.037287191790269396	0.0017751761666484356	0.00013364312450476893	0.00013318528758411962	0.000013584523137348066
0.98901098901098901098901098901099	0.03782141467767785	0.0018026372888425247	0.03757867729720869	0.0017988896458168587	0.00013541506387695166	0.00013515271929623177	0.000013768996082761611
1.	0.03837782620855619	0.0018245892418735379	0.037986904787660904	0.0018225886530550885	0.000136959503077625	0.00013689776456753475	0.000013937430549885323
1.010989010989010989010989010989	0.038969733965357155	0.0018443935780755837	0.0385925887878926	0.0018441841669341466	0.00013826845758115668	0.00013841209572036284	0.000014181436236921678
1.021978021978021978021978021978	0.039538093017015684	0.0018619763176319778	0.039175394132160916	0.0018636000922503614	0.0001394890144440043	0.00013968778083595703	0.000014396581082094237
1.032967032967032967032967032967	0.04008190112310855	0.0018772661782707107	0.03973431274420048	0.0018807629229036374	0.00014129979706842716	0.0001409974942684975	0.000014581698597693516
1.043956043956043956043956043956	0.04060017383242141	0.0018911124530915139	0.04026835349075694	0.0018956019028359384	0.0001431370281283631	0.0001428222666912731	0.000014735684945834438
1.0549450549450549450549450549451	0.04109194578381953	0.001903398780553444	0.040776543484407554	0.0019092784423500654	0.00014475921523628791	0.00014463491787254103	0.000014864783617400525
1.0659340659340659340659340659341	0.04155627199152046	0.0019296218754734293	0.04125792937178533	0.0019223744252897304	0.0001461592383568393	0.00014622963569325894	0.000015048635012320775
1.0769230769230769230769230769231	0.04199222911319757	0.0019576000893736316	0.04171157860563532	0.0019503766414548744	0.0001473303206366339	0.00014759934341933428	0.000015205590069992413
1.0879120879120879120879120879121	0.04239891669935975	0.001983381095193015	0.04213658069914648	0.00197804559358866	0.00014856129523265429	0.00014876002444973516	0.000015329452276978044
1.0989010989010989010989010989011	0.04277545842246766	0.0020068888648911575	0.04253204846101782	0.0020034854415358102	0.00015032724890597728	0.00014997185603050312	0.000015419324844779144
1.1098901098901098901098901098901	0.043121003284263576	0.0020280502501072144	0.04289711920973188	0.00202662063606299	0.0001520650678108787	0.0001518283770721016	0.000015474389729303152
1.1208791208791208791208791208791	0.04343472679981435	0.00204679512576824	0.04323095596553026	0.0020473785554126285	0.0001535452215901362	0.00015353508180527864	0.000015608050027260177
1.1318681318681318681318681318681	0.043715832156783554	0.0020630565290247595	0.04353274861860206	0.002065689647968087	0.00015476027233787406	0.00015498099551144223	0.00001572539418813152
1.1428571428571428571428571428571	0.043963551348475495	0.002076770793277561	0.043801715072021026	0.0020814875701801972	0.0001557032683310138	0.00015615874649549223	0.00001581332817859783
1.1538461538461538461538461538462	0.04417714627921446	0.0020979511300463737	0.04403710235798655	0.002094709319517268	0.00015766067768068956	0.0001571178306553614	0.00001602635127115509
1.1648351648351648351648351648352	0.04457289959822891	0.002122756617774065	0.04427210609971533	0.00211823109515608	0.00015948221762563487	0.00015917045057514505	0.000016216545573927454
1.1758241758241758241758241758242	0.04505369579423931	0.002145113389844427	0.044682399562980944	0.0021426465978925	0.00016103525842783463	0.00016095980528450218	0.000016387489706222273
1.1868131868131868131868131868132	0.0456837472421813	0.002164943945462342	0.045228328714577576	0.0021645809628021468	0.00016231176276397917	0.00016247745124737362	0.00001664734422725385
1.1978021978021978021978021978022	0.046285786893343735	0.0021821737890948775	0.045847687478140865	0.002183957197389201	0.00016348053139008252	0.00016371541339357785	0.000016873035638136498
1.2087912087912087912087912087912	0.0468587846501577	0.0021967315940478994	0.0464387215343025	0.002200701367710559	0.00016534913995780025	0.0001649897425637235	0.00001706336808895229
1.2197802197802197802197802197802	0.047401731750323944	0.0022097335865005527	0.04700041334396131	0.002214742761349277	0.00016724345309278147	0.00016687421906943868	0.00001721722014860876
1.2307692307692307692307692307692	0.04791364208816975	0.002220827102926977	0.04753176714105844	0.0022275616523201726	0.0001688857259656179	0.00016873923552212594	0.000017342246448277307
1.2417582417582417582417582417582	0.04839355351728948	0.0022478417716743177	0.04803181023992815	0.0022393190104278617	0.00017026880757401293	0.00017034932545220602	0.00001753114419576652
1.2527472527472527472527472527473	0.048840529132887	0.0022772204404568454	0.04849959432338079	0.002268681531215011	0.0001713859472946689	0.00017169738847965083	0.000017688460016872804
1.2637362637362637362637362637363	0.049253658532255974	0.002304021004152178	0.04893419670995043	0.002297686595727365	0.00017257838492413014	0.00017280751397249982	0.000017807328250549715
1.2747252747252747252747252747253	0.04963205905185344	0.0023281665842987175	0.04933472159875862	0.0023240817541780954	0.00017438281189084015	0.00017397386159362342	0.000017886869022897555
1.2857142857142857142857142857143	0.04997487697944103	0.002349583664939925	0.04970030129046262	0.0023477906894851983	0.00017615969203046544	0.0001758821989161225	0.00001792629300091358
1.2967032967032967032967032967033	0.050281288739792235	0.0023682022353545694	0.050030097382780955	0.0023687404941902003	0.000177637768260126	0.00017762274007042993	0.000018056683206527293
1.3076923076923076923076923076923	0.050550502052485374	0.0023839559274602975	0.05032330193910778	0.0023868618121350976	0.0001788096408006791	0.00017906137047474458	0.000018168562188936432
1.3186813186813186813186813186813	0.05078175706032914	0.002396782147659429	0.05057913862875505	0.002402088974748199	0.00017966846917758452	0.00018019076585239774	0.000018246559288843223
1.3296703296703296703296703296703	0.050974327426993045	0.002417159173592208	0.05079686383738424	0.002414360131708039	0.00018167571699151852	0.00018104704414961725	0.000018468078700703096
1.3406593406593406593406593406593	0.05132708530068705	0.0024427674384545042	0.05098460190945403	0.002437431024342002	0.000183547343232177	0.00018318532131373098	0.00001866401368861277
1.3516483516483516483516483516484	0.05172414014064918	0.0024655496771368887	0.05138399890231904	0.0024625831451612896	0.00018510947935830607	0.00018501946426863612	0.000018837405210847487
1.3626373626373626373626373626374	0.052374439438714934	0.0024854273768239515	0.0518371152145075	0.0024848768031737987	0.0001863540341619884	0.0001865409125922247	0.000019113124467469495
1.3736263736263736263736263736264	0.05301285452413909	0.0025023254982049835	0.05249565639172896	0.0025042340819614707	0.0001874701297984543	0.00018774164700025028	0.00001934937888194854
1.3846153846153846153846153846154	0.053617753606706356	0.002516172641251592	0.053121454926113025	0.002520580592204498	0.00018939798793750375	0.00018897987714743727	0.000019544943192244692
1.3956043956043956043956043956044	0.054188101246213774	0.002528382905908488	0.05371346455050912	0.002533845636726004	0.00019134962461290288	0.00019092549711694667	0.000019698678321997164
1.4065934065934065934065934065934	0.054722888217798034	0.002538305045325109	0.05427066428718106	0.002545859455863078	0.0001930122251055316	0.00019284311965435418	0.000019819708769371137
1.4175824175824175824175824175824	0.055221132833959095	0.0025660360520419483	0.05479205977629096	0.0025562083850947212	0.00019437860708202974	0.0001944688231670784	0.000020013726281274138
1.4285714285714285714285714285714	0.05568188224314788	0.002596838113354409	0.055276684582008295	0.0025869450046325207	0.0001954420457841449	0.00019579548326546242	0.00002017142034806628
1.4395604395604395604395604395604	0.05610421370334389	0.0026246810394109587	0.055723601474665964	0.002617309137634772	0.00019659749577003339	0.00019685654536563742	0.00002028531167601981
1.4505494505494505494505494505495	0.056487235829071884	0.002649487066202102	0.05613190368740584	0.0026446824547191423	0.00019843921661710976	0.0001979776843979929	0.0000203545372535755
1.4615384615384615384615384615385	0.05683008981032731	0.002671182275728636	0.05650071614577678	0.0026689878355980346	0.00020025567426466015	0.00019993646703540265	0.00002037833640854314
1.4725274725274725274725274725275	0.05713195060190824	0.0026896967379193993	0.05682919666877395	0.0026901520523867303	0.00020173218280635064	0.00020171136412437744	0.000020505401603499863
1.4835164835164835164835164835165	0.05739202808167471	0.0027049646465822368	0.05711653713983167	0.0027081059103557206	0.00020286137942038425	0.00020314322525387643	0.00002061183547210733
1.4945054945054945054945054945055	0.05760956817628699	0.0027169244490606965	0.057361964646310264	0.0027227843826371813	0.00020363653374367468	0.00020422477237751647	0.000020679901051619673
1.5054945054945054945054945054945	0.05778385395300145	0.002736237410156471	0.057564742586044416	0.002734126738660551	0.00020568823439552145	0.00020497292308441702	0.00002090970578474002
1.5164835164835164835164835164835	0.0580815003688813	0.002762668688291758	0.057724171739551834	0.0027564886273179325	0.00020761043147842772	0.00020719732534795358	0.000021111400728410566
1.5274725274725274725274725274725	0.0584884537013236	0.00278589693459322	0.05808412477146472	0.0027823973824309613	0.00020918215549121949	0.0002090767341769531	0.000021287176795211647
1.5384615384615384615384615384615	0.05904003200968419	0.002805842597422747	0.05847697396116155	0.0028050706693954104	0.0002103952602602429	0.0002106024712409646	0.00002157877667501663
1.5494505494505494505494505494505	0.05971751126387048	0.002822430066004002	0.05911756173909303	0.002824429621601934	0.00021145781593491319	0.00021176647198412128	0.000021825610518625938
1.5604395604395604395604395604396	0.0603570186907632	0.0028355878384377074	0.05978076575278123	0.0028403993671856443	0.0002134463393674533	0.00021296790431239284	0.000022026423601952783
1.5714285714285714285714285714286	0.060957489794016176	0.0028470583682038957	0.06040575335621799	0.002852909196177135	0.00021545554104546156	0.00021497609920690267	0.000022180059151120218
1.5824175824175824175824175824176	0.06151788984298605	0.0028558304629742637	0.060991476017324825	0.0028641699644749653	0.00021713871101214214	0.00021694656863114112	0.000022297170508114647
1.5934065934065934065934065934066	0.06203721521619941	0.0028842022540807853	0.06153691534998004	0.0028730376059813607	0.00021848863523838089	0.00021858812719230465	0.00002249638099230543
1.6043956043956043956043956043956	0.06251449471823389	0.002916450727848221	0.06204108444019651	0.0029051645128160435	0.0002194986144676172	0.00021989362612736968	0.00002265447079574552
1.6153846153846153846153846153846	0.06294879086842929	0.002945358909162599	0.06250302914521964	0.0029369107414790587	0.00022061863637121436	0.00022090712671101872	0.00002276340229554328
1.6263736263736263736263736263736	0.06333920115986943	0.002970848112999353	0.06292182936397794	0.0029652851428604863	0.00022249644721621461	0.00022198333274357608	0.000022822329290077606
1.6373626373626373626373626373626	0.06368485928709991	0.002992843984510642	0.06329660027734162	0.0029902097578045034	0.00022435299970400763	0.0002239911641020986	0.000022830519717860812
1.6483516483516483516483516483516	0.0639849363410763	0.00301127664019008	0.06362649355667492	0.003011611002948787	0.0002258284515273697	0.0002258009375965911	0.000022954205466093484
1.6593406593406593406593406593407	0.06423864196986538	0.003026080802393028	0.06391069853919176	0.0030294198106166946	0.000226915475647042	0.00022722654449238734	0.00002305521433426632
1.6703296703296703296703296703297	0.064445225503653	0.0030371959269936944	0.064148443368657	0.003043571762006726	0.00022760745066870933	0.00022826075178194118	0.000023113353792736027
1.6813186813186813186813186813187	0.06460397704264385	0.0030551849306991214	0.06433899610000479	0.0030540072134601364	0.00022969822212795632	0.00022889703827215347	0.000023351232887003705
1.6923076923076923076923076923077	0.06483357059570674	0.003082459352921846	0.06448166576647991	0.003075403138258048	0.0002316714734290221	0.0002312064567747013	0.000023558706998962182
1.7032967032967032967032967032967	0.06525348927466178	0.003106154042954647	0.06478022477335027	0.0031020884395190434	0.0002332532767353416	0.00023313160793295693	0.000023736804189529972
1.7142857142857142857142857142857	0.06567873124407404	0.003126188383892093	0.06518463267789727	0.003125161586933223	0.00023443542983202337	0.00023466211894825994	0.000024044300566067795
1.7252747252747252747252747252747	0.06639795735619468	0.003142486166165487	0.06571165031894118	0.00314454273781913	0.00023544359594575065	0.000235789878943422	0.000024301730251684016
1.7362637362637362637362637362637	0.06707477559515614	0.003154975757830137	0.06641489263262698	0.003160156510913432	0.0002374941926068163	0.000236953830222859	0.000024507809010464212
1.7472527472527472527472527472527	0.06770809001544958	0.0031657579971230178	0.06707551169807437	0.0031719321557783222	0.00023956120074433858	0.0002390260237066581	0.000024661362319073666
1.7582417582417582417582417582418	0.0682968379786653	0.0031734012786415796	0.06769242907383453	0.0031824913516168897	0.00024126518203841608	0.00024104958081152237	0.000024774631591764044
1.7692307692307692307692307692308	0.06883999152051988	0.0032023378659456862	0.06826459998229618	0.003189801725844188	0.00024259889040002106	0.00024270723588203162	0.000024979108054694223
1.7802197802197802197802197802198	0.06933655868813494	0.003236055850907436	0.06879101465802917	0.003223337467174235	0.00024355697178826512	0.00024399181541811304	0.000025137611094311875
1.7912087912087912087912087912088	0.06978558484597079	0.003266052265522321	0.0692706996659108	0.003256488886031076	0.00024464181552834134	0.00024495926625417826	0.00002524159985331247
1.8021978021978021978021978021978	0.07018615394884692	0.0032922474679471683	0.06970271918745466	0.0032858873714227115	0.0002465544875628944	0.00024599081510514925	0.000025290244887713203
1.8131868131868131868131868131868	0.07053738978050744	0.0033145666313224137	0.07008617627379099	0.0033114540893774973	0.0002484516532684132	0.00024804627258064255	0.000025282842696313666
1.8241758241758241758241758241758	0.07083845715622349	0.0033329398842515245	0.07042021406377658	0.0033331150656937133	0.00024992656044162435	0.000249891443894905	0.000025403095038613993
1.8351648351648351648351648351648	0.07108856308795374	0.0033473024439674356	0.07070401696574251	0.003350801325041941	0.0002509719166426863	0.00025131131259890015	0.000025498699067898525
1.8461538461538461538461538461538	0.07128695791061906	0.0033575947419931798	0.0709368118014217	0.003364449022701647	0.00025158120829734044	0.0002522986895212328	0.00002554691783394694
1.8571428571428571428571428571429	0.07143293636808212	0.003374000866939076	0.07111786891063067	0.0033739995687214314	0.0002537056726971736	0.0002528471704382627	0.000025792660375021274
1.8681318681318681318681318681319	0.07159430584833648	0.0034021384606385996	0.0712465032153167	0.0033941738290867193	0.0002557304604214432	0.00025521270993038867	0.000026005932809581086
1.8791208791208791208791208791209	0.0720166168246045	0.0034263199273850396	0.07146966499961392	0.0034216554863013954	0.0002573228332717049	0.000257184078708778	0.000026186287121812524
1.8901098901098901098901098901099	0.07240195240821427	0.00344646355891405	0.07188868004814145	0.003445148623476207	0.0002584745319223176	0.000258719847728583	0.000026509695854213592
1.9010989010989010989010989010989	0.07305237308971774	0.003462492519895292	0.07227615121765397	0.0034645723961989477	0.00025942747585430107	0.00025981246048379156	0.000026777737782118687
1.9120879120879120879120879120879	0.07376920004876811	0.0034743350205258933	0.07302205615534925	0.003479850887415086	0.0002615415460129015	0.00026093766092690173	0.000026989099107737095
1.9230769230769230769230769230769	0.0744380746249319	0.0034844798783116556	0.07372095323664546	0.0034909132788887506	0.0002636666020646175	0.0002630752689851668	0.00002714258750622842
1.9340659340659340659340659340659	0.07505790385131107	0.0034910154782202504	0.07437173174089819	0.0035008218507224073	0.00026539163654034026	0.0002651521545558221	0.00002725209194827407
1.9450549450549450549450549450549	0.07562763299252993	0.0035204403279721565	0.07497331811810228	0.003506570039484997	0.00026670937092671497	0.0002668261475924856	0.00002746190719680546
1.956043956043956043956043956044	0.07614624690458478	0.0035556509985598256	0.07552467736156543	0.0035414612438878167	0.00026762172105372883	0.0002680900494968657	0.000027620840980921864
1.967032967032967032967032967033	0.07661277136015693	0.0035867587068993184	0.07602481434721162	0.0035760410108223875	0.0002686670422497395	0.0002690129724131808	0.000027719904096455395
1.978021978021978021978021978022	0.07702627433780966	0.0036136828182253993	0.07647277513792734	0.003606486650121846	0.0002706133212895339	0.0002700001401413699	0.000027758283804658642
1.989010989010989010989010989011	0.07738586727352051	0.0036363479981804253	0.07686764825138434	0.003632718416763304	0.00027255161962397946	0.00027210177473357326	0.00002773530511437556
2.	0.07769070627303537	0.0036546843526760945	0.07720856588981193	0.003654661910042373	0.0002740264952933462	0.00027398286619970293	0.000027852070562897634
2.010989010989010989010989010989	0.07793999328356344	0.003668627559783309	0.07749470513022313	0.003672248211945171	0.0002750306892768566	0.00027539751373206826	0.000027942289962532352
2.021978021978021978021978021978	0.07813297722337086	0.0036781189934426703	0.07772528907364178	0.0036854140174966063	0.0002755577946666802	0.00027633857079400743	0.00002798059349408288
2.032967032967032967032967032967	0.07826895506786699	0.0036926843952512054	0.077899587951873	0.003694101756877263	0.00027771057886848973	0.00027679974895451477	0.000028233988621129113
2.043956043956043956043956043956	0.07840221928611449	0.0037217050862878515	0.0780169201905017	0.0037128000041528604	0.00027978738406080793	0.0002792160793988444	0.000028453078473006102
2.0549450549450549450549450549451	0.07877511373265453	0.003746393561258633	0.07820198050107148	0.0037410977265886556	0.0002813908155568337	0.00028123413993314737	0.000028635625317790627
2.0659340659340659340659340659341	0.07917500674556219	0.0037666669947587954	0.07858643799506043	0.0037650308823133235	0.00028251255585664794	0.00028277564985825713	0.000028974962250778943
2.0769230769230769230769230769231	0.07967891426527002	0.003782447899046325	0.0789678831949123	0.0037845175997351472	0.00028340946157227875	0.0002838337530260463	0.000029253632808221476
2.0879120879120879120879120879121	0.08043844308540815	0.003793664298965844	0.07960045562170853	0.0037994813998334072	0.00028558839794497263	0.00028491940235697994	0.00002947029358079406
2.0989010989010989010989010989011	0.08114559151798192	0.003803222160368013	0.08034026987215714	0.003810024431133972	0.0002877717433628888	0.000287123833416891	0.000029623734390043865
2.1098901098901098901098901098901	0.08179923382521441	0.0038086711105195514	0.08102757015142978	0.003819159748320501	0.0002895180728796152	0.000289254288236449	0.00002972955150518434
2.1208791208791208791208791208791	0.08239828604976464	0.0038385070366779303	0.08166125173839567	0.003823758616433847	0.000290820075189244	0.0002909448606931711	0.000029944778148934997
2.1318681318681318681318681318681	0.08294170739940439	0.003875233637345541	0.08224025197642638	0.0038595331843754004	0.00029168825615213506	0.00029218832672154725	0.00003010416019453408
2.1428571428571428571428571428571	0.08342850159394777	0.003907475776983114	0.08276355163608637	0.003895564516845968	0.00029269432575453367	0.0002930682537557972	0.000030198314773717106
2.1538461538461538461538461538462	0.0838577181728433	0.0039351517920337975	0.08323017623970502	0.003927080446648664	0.00029467293178133997	0.000294011316667623	0.000030226445800720617
2.1648351648351648351648351648352	0.08422845376186817	0.003958185803940223	0.08363919734623881	0.003954000281240826	0.00029665288316580655	0.0002961576526260378	0.00003018790674408726
2.1758241758241758241758241758242	0.08453985329740728	0.003976507860774408	0.08398973379487758	0.003976249157487164	0.000298128241549602	0.00029807518748543	0.000030301132277324605
2.1868131868131868131868131868132	0.08479111120683074	0.003990054067022481	0.08428095290590756	0.003993758179374137	0.0002990917801372928	0.0002994851318356803	0.000030385987303820928
2.1978021978021978021978021978022	0.0849814725435285	0.003998766705416355	0.08451207163741112	0.004006464547036894	0.00029953719752777116	0.0003003803805664884	0.000030414381088100127
2.2087912087912087912087912087912	0.08511023407519802	0.004011234718282553	0.08468235769615184	0.0040143116768961784	0.00030171293367174077	0.0003007547598599676	0.0000306752180017948
2.2197802197802197802197802197802	0.08521614128708274	0.00404115833362034	0.08479113060164085	0.004031281004527385	0.0003038422362201529	0.0003032165600040138	0.0000309001443053107
2.2307692307692307692307692307692	0.08552617312493488	0.0040663739496307975	0.08495423501267174	0.004060414404074582	0.00030545721431779894	0.0003052817852830777	0.00003108481850099871
2.2417582417582417582417582417582	0.08594379051288097	0.004086797598370777	0.08527515952702676	0.004084807508627826	0.0003065494912324495	0.0003068295178745742	0.0000314400994645656
2.2527472527472527472527472527473	0.08630066503700436	0.004102351113408925	0.08567278265784994	0.004104377394928849	0.0003073895589013149	0.0003078537133395962	0.00003172941502583946
2.2637362637362637362637362637363	0.08708062693519704	0.004112962307128271	0.08614826664290455	0.004119046996158246	0.0003096347467715975	0.00030889906035526886	0.000031951392113972605
2.2747252747252747252747252747253	0.08782875940021144	0.004121983048304217	0.08693162905799957	0.004129131777292569	0.0003118766230118487	0.00031117171537611035	0.000032104802645119744
2.2857142857142857142857142857143	0.0885189447860782	0.004126366285441142	0.0876581053268825	0.004137503387897625	0.00031364448942220754	0.0003133559802067104	0.000032207010190239384
2.2967032967032967032967032967033	0.08915006743750835	0.0041565353551653314	0.08832655713944627	0.0041409737824606215	0.0003149310015475902	0.0003150633735252251	0.000032427720643611327
2.3076923076923076923076923076923	0.08972105843080355	0.004194801201469131	0.08893589176013808	0.004177550603393007	0.00031575658634260516	0.00031628664543780887	0.00003258756847642053
2.3186813186813186813186813186813	0.09023089694455258	0.004228200986850102	0.08948506341579934	0.004215056772356489	0.0003167236754626623	0.00031712511901463346	0.000032676831636278204
2.3296703296703296703296703296703	0.09067861158807732	0.004256651981140184	0.08997307464341711	0.0042476661895807	0.00031873330219581717	0.00031802435368529403	0.00003269473063808656
2.3406593406593406593406593406593	0.09106328168557422	0.00428007772718577	0.09039897759406532	0.004275297180056057	0.00032075542805413835	0.0003202138881533768	0.00003264064735972812
2.3516483516483516483516483516484	0.0913840385145528	0.004298408179679249	0.09076187529261388	0.00429787438070795	0.00032223178442585633	0.0003221683905355398	0.000032750280416923016
2.3626373626373626373626373626374	0.09164006649713162	0.004311579834682151	0.09106092285146043	0.0043153288817790215	0.00032315517554453994	0.0003235741506429265	0.000032829791373611485
2.3736263736263736263736263736264	0.0918306043427208	0.004319535849641941	0.09129532863682328	0.0043275983535592585	0.00032351940435075517	0.00032442410357833555	0.00003284828092737407
2.3846153846153846153846153846154	0.0919549461406905	0.004329651079377948	0.09146435538616426	0.004334627164474839	0.00032571273039438584	0.00032471218895292715	0.000033116348897481496
2.3956043956043956043956043956044	0.0920344888044178	0.0043604973442648515	0.09156732127536632	0.00434961618934748	0.00032789500903581157	0.00032721414681796804	0.000033347130626369155
2.4065934065934065934065934065934	0.0922669130804086	0.004386260134638091	0.09170945652691294	0.0043796047815651785	0.0003295220205576515	0.0003293270087038394	0.00003353386639312272
2.4175824175824175824175824175824	0.09270544948123387	0.0044068543137714775	0.09195203846001687	0.0044044776694001295	0.0003305853279354138	0.00033088144457883115	0.00003390510720230907
2.4285714285714285714285714285714	0.09307856815538387	0.0044222010092954895	0.092368959188919	0.004424150853080306	0.0003313677735472652	0.00033187233177672397	0.00003420508412830941
2.4395604395604395604395604395604	0.09369384189952655	0.0044322277943139605	0.09272065180707827	0.004438546652495257	0.0003336805908508646	0.0003328766406129856	0.000034432394389141033
2.4505494505494505494505494505495	0.0944856643267222	0.004440760790821117	0.09349317217276239	0.004448222612439535	0.000335981239354418	0.0003352189132152509	0.00003458579194342751
2.4615384615384615384615384615385	0.09521512035926272	0.004444099153831206	0.09426147122312542	0.0044558511588640255	0.00033777088451467167	0.000337457228818481	0.0000346844679317845
2.4725274725274725274725274725275	0.09588106014115912	0.00447452259082997	0.09496736266244603	0.004458213831028241	0.0003390421483590042	0.0003391816844413747	0.00003491073441614646
2.4835164835164835164835164835165	0.09648238410562164	0.004514351059330383	0.09560972122541427	0.004495510795327502	0.0003398267211016888	0.00034038500399783414	0.00003507106557072218
2.4945054945054945054945054945055	0.09701804437235398	0.004548931774755609	0.09618747213469846	0.004534515125973815	0.00034075510101777643	0.00034118357708737463	0.00003515545443832142
2.5054945054945054945054945054945	0.09748704609976959	0.004578180903942588	0.09669959247295386	0.004568241289844481	0.0003427944154792231	0.0003420392603722361	0.000035163138081970854
2.5164835164835164835164835164835	0.09788844878639986	0.004602021373903593	0.09714511250868238	0.00459660658894203	0.00034485923821802006	0.00034427046304838873	0.00003509352673865546
2.5274725274725274725274725274725	0.09822136752858851	0.004620383010227191	0.09752311697439055	0.004619535126375336	0.0003463371088904106	0.0003462624579526524	0.00003519951521467454
2.5384615384615384615384615384615	0.09848497422411978	0.0046332026655205244	0.09783274629655869	0.004636957942968024	0.0003472208615576917	0.0003476645536907279	0.000035273702451295244
2.5494505494505494505494505494505	0.09867849872485247	0.004640424337679061	0.09807319777104759	0.004648813143844807	0.0003475044023327546	0.00034846972437503545	0.00003528229332077349
2.5604395604395604395604395604396	0.0988012299360404	0.004647932765020149	0.09824372669139465	0.004655046014804976	0.00034970996259241303	0.0003486720218373645	0.000035557381693925576
2.5714285714285714285714285714286	0.09885562274579367	0.004679721318638623	0.09834364742379637	0.004667804953388309	0.0003519456949305459	0.000351208835144176	0.0000357940377596757
2.5824175824175824175824175824176	0.09906429850601826	0.004706051222600791	0.09846600582876099	0.004698668155404194	0.0003535852255455601	0.0003533698043441932	0.00003598276871395561
2.5934065934065934065934065934066	0.09945705854594637	0.004726836148699057	0.0986548012126698	0.004724040564152905	0.00035462005609046	0.00035493142298427625	0.00003636998516878838
2.6043956043956043956043956043956	0.09984963835593619	0.004741996495349157	0.09905357338833547	0.0047438370779934735	0.0003553441110755458	0.0003558895988914472	0.00003668063980710362
2.6153846153846153846153846153846	0.10027614450454699	0.004751633053784881	0.09942308279079018	0.004757979376900516	0.00035772592853003637	0.00035685214873246103	0.000036913300086026493
2.6263736263736263736263736263736	0.1011143574623778	0.004759553702954452	0.10002301413758875	0.004767295464894416	0.000360085590743498	0.00035926542529673066	0.00003706670195466003
2.6373626373626373626373626373626	0.10188580828733856	0.004761867928096489	0.10083577402113239	0.004774201489232216	0.00036189725651346793	0.000361558032427215	0.000037161924657702916
2.6483516483516483516483516483516	0.1025893103927197	0.004792466026410896	0.1015817678564822	0.004775477091739815	0.0003631535139852654	0.0003632997917934641	0.000037393819203355866
2.6593406593406593406593406593407	0.10322373102818451	0.004833880552432855	0.10225983513495011	0.004813411017760382	0.00036389867011543854	0.0003644834007535072	0.00003755465122299664
2.6703296703296703296703296703297	0.10378799270599262	0.0048696655476489865	0.10286886959826373	0.004853936878990214	0.00036478861228425146	0.00036524363703393934	0.00003763418293526095
2.6813186813186813186813186813187	0.1042810745780484	0.004899736038746114	0.10340782038231235	0.004888803099496241	0.0003668562543769487	0.0003660560460837963	0.00003763166789883849
2.6923076923076923076923076923077	0.1047020137622248	0.004924014300253425	0.10387569337632972	0.004917925923002526	0.0003689642973679468	0.0003683273589002812	0.00003754654465939843
2.7032967032967032967032967032967	0.10504990661640494	0.004942429992603986	0.10427155251887021	0.004941228880922362	0.0003704441996804651	0.00037035737220042	0.00003764883689968973
2.7142857142857142857142857142857	0.10532390995873459	0.004954920289480808	0.10459452104403393	0.004958642928432178	0.00037128882400864707	0.0003717563243708328	0.00003771772081198227
2.7252747252747252747252747252747	0.10552324223263035	0.004961429994535354	0.10484378267415173	0.004970106570052825	0.0003714921784422619	0.00037251722728368856	0.00003771641857302645
2.7362637362637362637362637362637	0.10564718461659367	0.004966079049554634	0.10501858293767684	0.004975565974203458	0.0003737046240617126	0.00037263424383597143	0.000037998316780171564
2.7472527472527472527472527472527	0.10569508207383622	0.004998829431677849	0.1051182301640643	0.004985846727431487	0.0003759942865345346	0.000375200620485859	0.00003824086603163342
2.7582417582417582417582417582418	0.10589087088671083	0.005025746297578927	0.105222191191226	0.005017603873859183	0.00037764682078278216	0.0003774101665991189	0.00003843152518124794
2.7692307692307692307692307692308	0.10619563242683952	0.005046742102058402	0.1054140761676161	0.005043495450046506	0.00037865366608822473	0.00037897944636858374	0.00003883473306636586
2.7802197802197802197802197802198	0.10661091001633716	0.005061736487822799	0.10572374430884848	0.005063435230329782	0.0003793185769622858	0.00037990550544946466	0.0000391560817508376
2.7912087912087912087912087912088	0.10695066531167374	0.005071077961514838	0.10611422159156061	0.005077344232553721	0.0003817707581620857	0.00038082559021181703	0.0000393941088812874
2.8021978021978021978021978021978	0.1077128543006373	0.0050783601607114585	0.10651924698830866	0.005086348924226685	0.00038418967553111976	0.00038331124998038427	0.000039547532345354165
2.8131868131868131868131868131868	0.10852901921304241	0.0050796709102334595	0.10737909515787476	0.005092552864337818	0.0003860236037731442	0.0003856583893861027	0.00003963938029658821
2.8241758241758241758241758241758	0.10927282602609684	0.005110362966916146	0.10816784500764688	0.005092761946102146	0.0003872650967869343	0.000387417693931625	0.00003987697474487227
2.8351648351648351648351648351648	0.1099431062366218	0.005153387032396578	0.10888429872349256	0.005131248519740761	0.00038797244328028617	0.0003885818340552361	0.00004003832518181719
2.8461538461538461538461538461538	0.1105387501701502	0.005190399709333477	0.10952731636477005	0.005173319321847252	0.0003888242193491435	0.00038930530807688426	0.000040113016885571893
2.8571428571428571428571428571429	0.11105870838626968	0.005221314846502	0.11009581742313751	0.005209348957942977	0.00039091880145237904	0.00039007472038522664	0.000040100319858229
2.8681318681318681318681318681319	0.11150199303295615	0.005246054028604562	0.11058877954567581	0.005239252576136902	0.0003930705890389225	0.00039238455720616545	0.00003999970090368006
2.8791208791208791208791208791209	0.1118676794730371	0.0052645467234595155	0.11100524335228742	0.005262953099215155	0.0003945530413463832	0.00039445311555900964	0.00004009824569930584
2.8901098901098901098901098901099	0.11215490666658032	0.005276730392539883	0.1113443123573673	0.0052803813604300025	0.00039535904846821275	0.00039584944582426047	0.00004016184672852028
2.9010989010989010989010989010989	0.11236287878316222	0.005282550601775138	0.11160515417910558	0.005291476227963269	0.0003954827193282732	0.00039656659642083736	0.000040150656986382655
2.9120879120879120879120879120879	0.11249086669712931	0.005284089250826914	0.11178700169021437	0.005296184717771017	0.00039769670882631715	0.0003965988400930974	0.00004043915455007355
2.9230769230769230769230769230769	0.11253820876136816	0.005317820909076523	0.11188915410854747	0.005303740926229198	0.000400040776751269	0.00039918949859243794	0.000040687615772187626
2.9340659340659340659340659340659	0.11271929442283171	0.005345344489627955	0.11197626550744175	0.005336411254905755	0.00040170679804671535	0.0004014480901061766	0.000040880135510662046
2.9450549450549450549450549450549	0.11291813890604499	0.005366571206053192	0.11217371474575552	0.005362841556719429	0.00040268614858809064	0.0004030255082539694	0.00004129935059503053
2.956043956043956043956043956044	0.11335936400523208	0.005381419920265932	0.11237655639674192	0.005382944457331381	0.00040329117658285686	0.00040392004241483694	0.00004163140964564833
2.967032967032967032967032967033	0.11372038467526457	0.00539051431391648	0.11279115997038457	0.005396640286559593	0.0004058150780991842	0.00040479697044806215	0.000041874820448962864
2.978021978021978021978021978022	0.11427913793678016	0.005397178522626345	0.11312595976436819	0.00540538161368474	0.0004082934920687635	0.0004073563856249027	0.00004202828277917978
2.989010989010989010989010989011	0.11514273072358815	0.005397506355739509	0.11388949314914981	0.005410903828831709	0.00041014992464784403	0.00040975829804748044	0.00004211683477636663
3.	0.11592958100034263	0.0054282106006794725	0.11472364449234	0.005410403979747897	0.00041137689512416384	0.0004115353892052897	0.000042360200781456234
3.010989010989010989010989010989	0.11663848195498935	0.005472867756466807	0.1154811559841428	0.005449020587495392	0.0004120480507066969	0.00041268030229159574	0.00004252208719700347
3.021978021978021978021978021978	0.11726828913657839	0.005511131598069977	0.11616085087225757	0.005492659769043378	0.0004128619325592039	0.0004133685996507504	0.00004259195604918201
3.032967032967032967032967032967	0.11781792206584508	0.005542914759058972	0.11676161484714083	0.0055298762133582985	0.00041498203913924587	0.0004140952929766975	0.00004256909373105067
3.043956043956043956043956043956	0.11828636532828904	0.00556813809754875	0.11728239744813249	0.005560583935150949	0.0004171780965414124	0.00041644203925178	0.000042452995254454364
3.0549450549450549450549450549451	0.1186726698401322	0.005586730833825473	0.1177222134115595	0.005584705211185262	0.0004186636181544465	0.00041854967015218705	0.0000425477418369502
3.0659340659340659340659340659341	0.11897595445840035	0.005598630675965686	0.11808014396057934	0.005602170733223274	0.0004194315202662597	0.0004199439010718561	0.00004260608046954208
3.0769230769230769230769230769231	0.11919540701591272	0.005603783933269638	0.11835533803386121	0.005612919684823576	0.00041947601143080417	0.000420617815745892	0.00004258500885944539
3.0879120879120879120879120879121	0.1193302872322914	0.005602145617350002	0.11854701347925387	0.005616899892144628	0.00042168621117287525	0.0004205657955628594	0.00004287989540142781
3.0989010989010989010989010989011	0.1193799240729317	0.005636694999606313	0.1186544620939777	0.005621487004480543	0.00042408515873922987	0.0004231754654390788	0.000043134287314258686
3.1098901098901098901098901098901	0.11954778033418025	0.005664844956618602	0.1187264307197809	0.005655089663738942	0.0004257651493714822	0.00042548356973725666	0.00004332859941601828
3.1208791208791208791208791208791	0.11969939388342521	0.005686322527644895	0.11893194769539629	0.0056820781559737705	0.0004267174945093293	0.0004270696024048036	0.0000437638374529716
3.1318681318681318681318681318681	0.12009194867060694	0.005701045769002347	0.11906011946121105	0.0057023639346336225	0.00042726191521322054	0.0004279332009445874	0.00004410662317572698
3.1428571428571428571428571428571	0.12047750207331519	0.005709940633887951	0.11945098062407941	0.005715866617156737	0.0004298588866918095	0.0004287662947399115	0.00004435543446087376
3.1538461538461538461538461538462	0.12081116737715666	0.005716007218742395	0.1198084566797022	0.005724392154694485	0.0004323970387064088	0.0004314008305874185	0.00004450895291736778
3.1648351648351648351648351648352	0.12172488930631227	0.0057153726039995524	0.12036500688795528	0.005729252899844554	0.00043427621749045196	0.0004338577567979148	0.00004459428802538223
3.1758241758241758241758241758242	0.12255751212262349	0.005746006128691802	0.12124718763467777	0.005728132365688162	0.0004354889073901552	0.00043565287604326275	0.00004484349705657224
3.1868131868131868131868131868132	0.12330778804023257	0.0057923199582463536	0.12204841343409677	0.005766724415829908	0.0004361255027818967	0.0004367788038141273	0.000045005937020901056
3.1978021978021978021978021978022	0.12397453526757217	0.005831858485602908	0.12276746848664988	0.00581195546837965	0.0004369017624534272	0.0004374335212275968	0.00004507100018859722
3.2087912087912087912087912087912	0.12455664199982544	0.005864533091333456	0.12340320293175734	0.005850382178930062	0.0004390459496231722	0.0004381177737106334	0.00004503798929106999
3.2197802197802197802197802197802	0.12505306453142961	0.005890263869610037	0.1239545342869141	0.005881917391551203	0.00044128680299619427	0.00044049978626072494	0.00004490642749756826
3.2307692307692307692307692307692	0.12546282176329737	0.005908979765712631	0.12442045410192334	0.005906482700167148	0.0004427759142138476	0.0004426470179976063	0.00004499732553419325
3.2417582417582417582417582417582	0.12578500962223954	0.005920618700855155	0.12480001711544195	0.0059240085838124686	0.00044350622453818793	0.00044403967299076573	0.00004505042230139264
3.2527472527472527472527472527473	0.12601879668432212	0.005925127684148673	0.12509234640095115	0.0059344345291775374	0.00044347204096283977	0.0004446708690566603	0.00004501947448806122
3.2637362637362637362637362637363	0.1261634253265876	0.005922462911550206	0.12529664215120562	0.005937709140270258	0.00044567312563511413	0.0004445350950207041	0.00004532053973615436
3.2747252747252747252747252747253	0.12621821280915313	0.005955451101561799	0.1254121781870244	0.005939084446551847	0.00044812742590992467	0.0004471585172255253	0.00004558088099393972
3.2857142857142857142857142857143	0.12637447282020095	0.005984246980647088	0.12547084028180772	0.005973638486277601	0.00044982186704867194	0.00044951660059806977	0.00004577691660966305
3.2967032967032967032967032967033	0.12653377673621652	0.006005995226391781	0.1256869428709826	0.0060012045447595825	0.00045074769503174037	0.00045111172282701783	0.00004622819333628079
3.3076923076923076923076923076923	0.12680556842097843	0.006020613064409209	0.1258214448251723	0.0060216928699520144	0.00045123079803458964	0.0004519449723836978	0.0000465817220227724
3.3186813186813186813186813186813	0.1272189218177279	0.006029355479035719	0.12609072744741642	0.006035022342876306	0.00045390218229064645	0.0004527335683115346	0.00004683595058625562
3.3296703296703296703296703296703	0.12754198308273168	0.006034844715152758	0.1264740473527622	0.006043379226525742	0.0004565003138202269	0.00045544458330465084	0.00004698954241855735
3.3406593406593406593406593406593	0.12827340328941064	0.006033588257969598	0.12680364921835216	0.006047598663595336	0.0004584024807275332	0.0004579567640119144	0.000047071739972304396
3.3516483516483516483516483516484	0.12915453155809598	0.0060637467419762826	0.1277364733816541	0.006045926298524942	0.00045960113195559144	0.0004597701527249253	0.000047326863315780396
3.3626373626373626373626373626374	0.12994894177301194	0.006111740867850341	0.1285840582056813	0.006084357221965306	0.0004602048099827776	0.0004608773369406413	0.000047489874408256006
3.3736263736263736263736263736264	0.13065541273149514	0.0061525776490573775	0.12934515929816168	0.0061312036515057695	0.00046094371977710246	0.00046150008248404753	0.00004755014906855777
3.3846153846153846153846153846154	0.13127279237334552	0.006186167175224468	0.1300185771169657	0.0061708641060142415	0.0004631105149946248	0.00046214217263130337	0.00004750700631416599
3.3956043956043956043956043956044	0.1318000021289621	0.006212428739040193	0.13060319186665115	0.006203250221224901	0.00046539669138323856	0.0004645577793650617	0.000047359997421191055
3.4065934065934065934065934065934	0.132236037196907	0.006231290973724157	0.13109795865971724	0.006228282870882608	0.0004668899134555993	0.0004667451410023314	0.00004744699701013309
3.4175824175824175824175824175824	0.13257996785650183	0.006242691977130999	0.1315019063751332	0.0062458923018471856	0.0004675831462230962	0.0004681367443289428	0.0000474948724874749
3.4285714285714285714285714285714	0.1328309407077695	0.0062465794223112246	0.13181413881371593	0.006256018255809978	0.0004674707939241696	0.00046872574000385016	0.00004745405416549739
3.4395604395604395604395604395604	0.13298817984172248	0.006242910654394914	0.13203383590498158	0.006258610077452334	0.00046965744699348753	0.00046850672307783675	0.00004776108796064447
3.4505494505494505494505494505495	0.1330509879391335	0.0062740883966014155	0.13216025657453945	0.006256532848175863	0.00047216757192729785	0.0004711386503759475	0.00004802739715041414
3.4615384615384615384615384615385	0.1331974378032754	0.006303549717662001	0.1322075776087065	0.006292057238876671	0.000473876943626888	0.0004735471780281457	0.000048225086801868834
3.4725274725274725274725274725275	0.13336702869059755	0.006325588445453023	0.13243680599808846	0.00632022012313847	0.0004747767415952126	0.0004751518637683089	0.00004869241793902422
3.4835164835164835164835164835165	0.13349713114626197	0.006340120950872083	0.13258017500445493	0.00634093053977855	0.0004751978301394067	0.00047595534832815665	0.000049056705866322525
3.4945054945054945054945054945055	0.13394156978087599	0.006348757608013195	0.13270745417566307	0.0063541066085537595	0.00047794496331302327	0.00047669879634482337	0.00004931636849186002
3.5054945054945054945054945054945	0.13429104651072393	0.006353689633809419	0.13311977689483853	0.00636234154008845	0.0004806033158022064	0.00047948764208135977	0.000049470050938572756
3.5164835164835164835164835164835	0.13478621324742449	0.006351970704018169	0.13343778518166277	0.006365939739132083	0.0004825287126563103	0.00048205531799155085	0.00004954919054550213
3.5274725274725274725274725274725	0.1357185455828418	0.006381429620908598	0.13418952990877228	0.006363785392501239	0.00048371356714352397	0.00048388721759777716	0.00004981029930613591
3.5384615384615384615384615384615	0.1365598200519563	0.006431127699526835	0.13508612323519326	0.006401916233303888	0.0004842859830564404	0.00048497590002176026	0.0000499738991153267
3.5494505494505494505494505494505	0.1373087705510895	0.006473286344534	0.13589192252150048	0.006450401567830459	0.00048498781552856936	0.0004855682932397683	0.00005002940245557871
3.5604395604395604395604395604396	0.13796420692979405	0.006507814316537676	0.13660569904840872	0.0064913192737477456	0.00048717571721848546	0.0004861684999467199	0.000049976144577941975
3.5714285714285714285714285714286	0.13852501500092887	0.006534630069047595	0.13722629847079948	0.006524579740674051	0.0004895077445371333	0.0004886159996181326	0.000049813704814996994
3.5824175824175824175824175824176	0.13899015795829572	0.006553661885980199	0.1377526423605346	0.0065501030847238805	0.0004910055996464447	0.0004908440209762755	0.00004989675648075123
3.5934065934065934065934065934066	0.1393586777136796	0.006564848005113782	0.13818372949394125	0.006567819283533457	0.0004916622700779286	0.0004922350977189163	0.00004993943128803117
3.6043956043956043956043956043956	0.13962969616304366	0.006568136727329241	0.13851863828175617	0.006577668297220548	0.0004914722561153835	0.0004927824121050251	0.00004988874818172771
3.6153846153846153846153846153846	0.13980241637987234	0.006563486511489941	0.13875652641986175	0.006579600175114001	0.00049363917027563	0.0004924806641949989	0.0000502015404851946
3.6263736263736263736263736263736	0.13987614802871745	0.006592606188142478	0.13889662990002488	0.006573831618994033	0.0004962055907084829	0.0004951158615384781	0.00005047383612577208
3.6373626373626373626373626373626	0.1400147415136082	0.006622752348857173	0.13893826857755256	0.00661034526992332	0.0004979303719124898	0.0004975752976317458	0.00005067310970126587
3.6483516483516483516483516483516	0.14019726946912378	0.006645101237144231	0.13917959731850804	0.006639124220190918	0.0004988046259457281	0.0004991900198379585	0.000051156510953234675
3.6593406593406593406593406593407	0.14028862548828636	0.006659568345496041	0.13933438973385578	0.006660076267477127	0.0004991630166292563	0.000499964320481132	0.00005153157438358386
3.6703296703296703296703296703297	0.14064235203809314	0.006668145512739002	0.1393986164846278	0.0066731187476867185	0.0005019872280841913	0.0005006619837821639	0.000051796687842015296
3.6813186813186813186813186813187	0.1410215041867573	0.0066725404819616115	0.13974338024284397	0.006681277975373985	0.0005047060429460194	0.0005035300052572822	0.00005195047813063123
3.6923076923076923076923076923077	0.14130031858588785	0.006670430696736703	0.14008974130150992	0.006684274864500277	0.0005066549116235934	0.000506153417089032	0.00005202663967344971
3.7032967032967032967032967032967	0.14224739476863527	0.006699052184782367	0.1406063181201574	0.00668170934907962	0.0005078262113156988	0.0005080040690122516	0.00005229380477697361
3.7142857142857142857142857142857	0.14313825644979095	0.006750477833550979	0.14155492404466447	0.006719398683557362	0.0005083690329616674	0.0005090744914096523	0.0000524580109006297
3.7252747252747252747252747252747	0.1439324401679948	0.006793981906948419	0.14240831955374503	0.006769546468242101	0.0005090340609359953	0.0005096381634520362	0.00005250876011848902
3.7362637362637362637362637362637	0.14462871388795756	0.006829471799992875	0.14316524829404137	0.00681174495789846	0.0005112415381524809	0.0005101967660242663	0.00005244540386255943
3.7472527472527472527472527472527	0.14522592509555407	0.006856865196660891	0.14382453103860726	0.006845903258187016	0.0005136199451657881	0.0005126744280083468	0.00005226754947136386
3.7582417582417582417582417582418	0.14572300225180693	0.006876089899438507	0.14438506711838436	0.006871940690050196	0.0005151229564070904	0.0005149436396459064	0.000052346604159983255
3.7692307692307692307692307692308	0.14611896142862005	0.006887084249124446	0.14484583851784405	0.006889786924733838	0.0005157435806949851	0.0005163347156915524	0.000052384098960583785
3.7802197802197802197802197802198	0.14641293943933556	0.006889797138095001	0.14520590530430594	0.006899382104064002	0.0005154764131545394	0.0005168408687580952	0.00005232355682432212
3.7912087912087912087912087912088	0.14660406445607255	0.006884188103257481	0.1454663104340408	0.006900676945819031	0.0005176182907585031	0.0005164569026959192	0.00005264189772424441
3.8021978021978021978021978021978	0.14669160109988524	0.006911003802556931	0.14562427832219513	0.006893632834063869	0.0005202414764259382	0.0005190901476658024	0.000052920198264939556
3.8131868131868131868131868131868	0.14682435688405823	0.006941854114029754	0.1456789036633221	0.006928502001797901	0.0005219821450638301	0.0005216009553014109	0.00005312098501529025
3.8241758241758241758241758241758	0.14702244189572497	0.006964532754623063	0.14592016481379094	0.006957916135095217	0.0005228313400833043	0.0005232261856714164	0.00005362047206946463
3.8351648351648351648351648351648	0.1471250225813888	0.006978954314680283	0.14608952867805	0.006979129221555493	0.0005231263623230074	0.0005239718806768176	0.000054006327250118555
3.8461538461538461538461538461538	0.1473181472721449	0.006987517822514493	0.146164168410857	0.006992057789931092	0.0005260289749292325	0.000524623135558805	0.00005427690829903476
3.8571428571428571428571428571429	0.14773023949901665	0.006991395744337724	0.14634850327218304	0.007000187232771282	0.0005288084936065151	0.0005275716711906544	0.00005443082364577256
3.8681318681318681318681318681319	0.1480373692226048	0.006988967793060028	0.1467250628652787	0.007002602764771533	0.0005307810759873906	0.000530251059657836	0.00005450408728458967
3.8791208791208791208791208791209	0.14873907280941787	0.007016611392514571	0.14699724848995402	0.0069996980823327365	0.0005319390628366266	0.0005321207053205875	0.000054777379479316535
3.8901098901098901098901098901099	0.1496822020746637	0.007069788402061201	0.1479899356465489	0.0070368020147116035	0.0005324539708654539	0.0005331731094585229	0.00005494220952477587
3.9010989010989010989010989010989	0.1505242409503926	0.007114661679197437	0.14889277620374475	0.007088635733186866	0.0005330824674552622	0.0005337097032080982	0.000054988221828360635
3.9120879120879120879120879120879	0.151264120102808	0.0071511372095487405	0.1496976559024664	0.0071321384700677535	0.0005353079595617098	0.0005342269813845486	0.00005491478395042615
3.9230769230769230769230769230769	0.1519005354432044	0.00717913165254092	0.15040108950606118	0.007167218078594874	0.0005377332758647652	0.0005367330454717159	0.000054721531185033696
3.9340659340659340659340659340659	0.15243244580511928	0.007198572478779184	0.15100095561205376	0.007193793026933557	0.0005392419672269547	0.0005390439786675882	0.00005479654025946231
3.9450549450549450549450549450549	0.15286014493034517	0.007209398142279285	0.15149623164257073	0.0072117926082193	0.0005398270625166144	0.0005404355806901642	0.00005482887576014777
3.956043956043956043956043956044	0.1531815412333451	0.007211558157429734	0.15188597456290334	0.007221157109145299	0.0005394832504919486	0.0005409010932599078	0.000054758480378250335
3.967032967032967032967032967033	0.1533952099753523	0.007205013009350288	0.1521693306770306	0.007221837879591146	0.0005415948040105803	0.0005404354229200527	0.000055082160096616376
3.978021978021978021978021978022	0.153500421052332	0.0072292805840325994	0.1523455836564107	0.007213797421000228	0.0005442752236556157	0.0005430615058607813	0.00005536648391613187
3.989010989010989010989010989011	0.15363019996478944	0.0072608542713996915	0.15241403301313347	0.007246526897118852	0.0005460322563682377	0.0005456241469735596	0.00005556871244976093
4.	0.15384695498060805	0.007283882170074299	0.15265551390529764	0.007276595245318047	0.0005468568761685985	0.0005472603562307129	0.00005608430097642213
4.010989010989010989010989010989	0.15396363975038474	0.0072982779447602055	0.1528403189167891	0.007298088693908924	0.000547087872053711	0.000547978020969893	0.00005648096413936341
4.021978021978021978021978021978	0.15397982491824586	0.007306873213745715	0.15292572124879178	0.007310922941445093	0.0005500702022083496	0.0005485822565270331	0.00005675702952294941
4.032967032967032967032967032967	0.15442069289247196	0.007310254009244015	0.15292628264421146	0.00731906806301374	0.0005529106661438143	0.0005516126382425345	0.00005691108713245433
4.043956043956043956043956043956	0.1547589969205365	0.007307581759229117	0.15334073655851407	0.007320922039498576	0.0005549072041110928	0.0005543482440548888	0.000056981533307273006
4.0549450549450549450549450549451	0.15519737149365836	0.007334104423415355	0.15364664020732893	0.007317751198488799	0.0005560521200760614	0.0005562371248787044	0.000057261023165946896
4.0659340659340659340659340659341	0.15619857568790016	0.00738905652180414	0.15440031445716593	0.007354123362855682	0.0005565408081410048	0.0005572717525266955	0.000057426494750004876
4.0769230769230769230769230769231	0.15709382959336687	0.007435322707439906	0.15535887021798175	0.007407666669056297	0.0005571330467693907	0.0005577829227185414	0.00005746778735781425
4.0879120879120879120879120879121	0.15788194440305212	0.007472807523748143	0.15621188130031277	0.00745249732467081	0.0005593749631361697	0.0005582591566956419	0.00005738428462561773
4.0989010989010989010989010989011	0.15856168783083574	0.007501426676131603	0.1569581247612357	0.007488521752545323	0.0005618477191353271	0.0005607918329047849	0.000057175649752263705
4.1098901098901098901098901098901	0.1591319208025622	0.007521107173227825	0.1575964664196955	0.007515657567419552	0.0005633626154818424	0.0005631450196407915	0.00005724656498812758
4.1208791208791208791208791208791	0.15959163243260793	0.007531787447859309	0.15812584046846065	0.0075338337134370015	0.0005639126998527	0.0005645376751312504	0.00005727376193874547
4.1318681318681318681318681318681	0.15994020682331156	0.007533417462706993	0.1585452785401543	0.007542990732145856	0.0005634927535128642	0.000564963069000143	0.00005719351912555363
4.1428571428571428571428571428571	0.16017724663911226	0.007525958799603604	0.158854012495517	0.007543080448591954	0.0005655687058994103	0.0005644162088759689	0.000057522328024115556
4.1538461538461538461538461538462	0.16030127822500123	0.007547435894826173	0.1590511430972718	0.007534066440645258	0.0005683068269562794	0.0005670299333708094	0.00005781269342894543
4.1648351648351648351648351648352	0.16042886464844058	0.007579752097682845	0.1591359596146913	0.007564419438216079	0.0005700806993807311	0.0005696448689230091	0.000058016291708676164
4.1758241758241758241758241758242	0.1606657590830565	0.007603148674594153	0.15938249292952827	0.007595160948594215	0.0005708820654199786	0.0005712925267329885	0.000058547997360551894
4.1868131868131868131868131868132	0.16080151518976885	0.0076175383413950365	0.15959304536199623	0.007616953997224436	0.0005710475505752877	0.0005719827335810978	0.00005895548472221907
4.1978021978021978021978021978022	0.16083491228299945	0.007626210389519355	0.15969905074905114	0.007629713429672977	0.0005741109082863636	0.0005725393514575105	0.00005923705117105049
4.2087912087912087912087912087912	0.1610984741077104	0.007629113892638075	0.15970063424189151	0.0076379192940679574	0.0005770125589227678	0.0005756529047761447	0.00005939126823637527
4.2197802197802197802197802197802	0.16147507632302843	0.007626272426988891	0.15994881190704613	0.007639231428088052	0.0005790332943627661	0.0005784449686396556	0.000059458977669467125
4.2307692307692307692307692307692	0.16173590074721222	0.007651528468084796	0.16028578277980327	0.007635868539057644	0.0005801653814086924	0.0005803533260458828	0.00005974473559113931
4.2417582417582417582417582417582	0.16269264116291074	0.007708279396687097	0.1607787987643267	0.007671359960035667	0.0005806295563607267	0.0005813704189763246	0.00005991086634033309
4.2527472527472527472527472527473	0.1636399641573961	0.007755962218384917	0.16179105888706483	0.007726636424762541	0.0005811858107828494	0.0005818578323075307	0.00005994745648153432
4.2637362637362637362637362637363	0.1644757580223538	0.007794479993265457	0.1626935468143014	0.007772818579983262	0.0005834425305046803	0.0005822933027645762	0.00005985390567428484
4.2747252747252747252747252747253	0.16519878662961213	0.007823747437573636	0.16348500913590622	0.007809811450085071	0.000585963257398581	0.0005848507711752047	0.000059629904971775416
4.2857142857142857142857142857143	0.16580791374005205	0.007843691060128133	0.1641642574880649	0.007837531743252272	0.0005874848844487484	0.0005872467442137456	0.000059696678552941245
4.2967032967032967032967032967033	0.1663020952081623	0.007854249284532518	0.16473019578384315	0.007855907984948882	0.0005880004770320837	0.0005886409814458938	0.00005971875774608314
4.3076923076923076923076923076923	0.16668037810861427	0.007855372554824101	0.16518198894509384	0.007864880637516032	0.0005875049073964067	0.0005890267789271363	0.000059628673346069066
4.3186813186813186813186813186813	0.1669437764025054	0.007847023422491719	0.16552350882534805	0.007864402202440212	0.000589539992352668	0.0005883992445252901	0.000059962401933558586
4.3296703296703296703296703296703	0.16709823247128228	0.007865469440549291	0.16575458023353162	0.007854437406869095	0.0005923362812803562	0.0005909954277410143	0.000060258827156750495
4.3406593406593406593406593406593	0.1672336329470867	0.007898546986784114	0.16586775137703172	0.007882179127922937	0.00059412746796382	0.0005936631176602094	0.0000604637224949497
4.3516483516483516483516483516484	0.16750004131007779	0.00792233147849449	0.16612383439773243	0.007913612663584157	0.0005949064476236792	0.000595322692640393	0.000061011560907455115
4.3626373626373626373626373626374	0.167656797042994	0.007936734629688066	0.1663543051677175	0.007935724465521534	0.0005950054025676617	0.0005959860108935433	0.00006142988866821148
4.3736263736263736263736263736264	0.16770352007731792	0.007945528079304523	0.16647591692944694	0.007948428503770808	0.0005981510915367122	0.0005964944250422283	0.00006171697289895403
4.3846153846153846153846153846154	0.16775903723939034	0.007947974037189833	0.1664886961813641	0.007956739782420723	0.0006011141703173503	0.0005996924691581727	0.00006187136660110014
4.3956043956043956043956043956044	0.16817195572907914	0.007945039690347936	0.166531275082685	0.007957529698925735	0.0006031593451199238	0.0006025412317759635	0.00006193642029936513
4.4065934065934065934065934065934	0.16846445596511844	0.007968880733844563	0.16690215191794489	0.007954049995063009	0.0006042788452184709	0.0006044693071860126	0.00006222851651127304
4.4175824175824175824175824175824	0.1691501325781443	0.008027454241243494	0.1671536177177765	0.00798850911072348	0.0006047202272935774	0.0006054691071747477	0.00006239532406186075
4.4285714285714285714285714285714	0.17015181671562737	0.008076577441109236	0.168186882257838	0.008045542303057642	0.0006052407716202051	0.0006059344424036142	0.0000624272289762891
4.4395604395604395604395604395604	0.17103768588158577	0.008116151873071152	0.1691411630976742	0.008093099544471944	0.0006075106432509518	0.0006063294305290619	0.0000623236468848487
4.4505494505494505494505494505495	0.1718064717302836	0.008146091223260554	0.1699801995481781	0.008131084423827808	0.0006100798730191042	0.0006089098412739304	0.00006208429664429323
4.4615384615384615384615384615385	0.1724615495019944	0.008166321463737367	0.17070513410768054	0.008159412702624408	0.0006116087575123118	0.0006113491339630481	0.00006214688115842349
4.4725274725274725274725274725275	0.17300484142058942	0.008176780973474348	0.17132458504385034	0.008178012451230026	0.0006120903780834214	0.0006127454817378339	0.0000621638634291184
4.4835164835164835164835164835165	0.17342648697959367	0.008177420639693886	0.17182400820065558	0.008186824166962618	0.0006115196971038142	0.0006130922060973775	0.00006206394331690067
4.4945054945054945054945054945055	0.1737256574091902	0.008168203947111709	0.1722024682377497	0.008185800872573758	0.0006135086596683021	0.000612384513783845	0.00006240238225468715
4.5054945054945054945054945054945	0.17390281165544666	0.008183380530366319	0.17245918420053385	0.008174908202052935	0.0006163635818472838	0.0006149579867409794	0.00006270488545417544
4.5164835164835164835164835164835	0.17403983167040285	0.008217238640179167	0.1725934725956736	0.008199805667419355	0.0006181725562510097	0.0006176788899312197	0.00006291100450987157
4.5274725274725274725274725274725	0.17433075606361478	0.008241430250122058	0.1728552425565962	0.008231949830791242	0.0006189297118363466	0.0006193508496604007	0.00006347499130028049
4.5384615384615384615384615384615	0.17450764505886118	0.008255866104618126	0.17310790423120004	0.008254399454952334	0.0006189614326382296	0.0006199878454478056	0.00006390417564481761
4.5494505494505494505494505494505	0.17457010651961916	0.008264825039073137	0.17324739933287717	0.008267067435285545	0.0006221907503409233	0.0006204474818962394	0.00006419679435980815
4.5604395604395604395604395604396	0.17451778627268552	0.008266833112222658	0.1732738495205527	0.008275528413449543	0.0006252154987097856	0.0006237313297587371	0.0000643513818676704
4.5714285714285714285714285714286	0.1748437295218126	0.008263883502744164	0.17318833414179038	0.008275815649612078	0.0006272853547685455	0.0006266370318318997	0.00006441386112410371
4.5824175824175824175824175824176	0.1751710180836496	0.008286158449062138	0.1734936414703077	0.00827229550369025	0.000628392509898122	0.0006285850666683603	0.00006471236568328399
4.5934065934065934065934065934066	0.1755694469499578	0.00834657828647025	0.17377724943549072	0.008305568147392604	0.0006288128328973757	0.0006295678154954095	0.00006487986768157205
4.6043956043956043956043956043956	0.17662976943406672	0.008397165617023958	0.17454501369828965	0.008364381631006074	0.0006292979416200547	0.0006300127635292355	0.00006490710462003936
4.6153846153846153846153846153846	0.1775846487478231	0.008437820421588584	0.17556413909805327	0.008413337546920311	0.0006315792829661736	0.0006303675512370025	0.00006479350804704079
4.6263736263736263736263736263736	0.17841650864131176	0.008468455319006604	0.1764707290100209	0.008452338010658656	0.0006341975485309675	0.0006329690240317315	0.00006453882457237933
4.6373626373626373626373626373626	0.17912420385808706	0.008488995705394544	0.17725501531782714	0.00848129780024644	0.0006357342176541154	0.000635452170255442	0.00006459717300683518
4.6483516483516483516483516483516	0.17970668712738	0.008499379875598392	0.17791599330339952	0.00850014449231069	0.0006361823869594162	0.0006368511582259081	0.00006460907923237601
4.6593406593406593406593406593407	0.18016301490344516	0.008499559127341341	0.17845244119020828	0.008508818580125841	0.00063553710757908	0.0006371593335138579	0.0000644993293128809
4.6703296703296703296703296703297	0.18049232931794695	0.008489497840089962	0.17886345697278067	0.008507273575086212	0.0006374747044071946	0.0006363720004982201	0.00006484226942135759
4.6813186813186813186813186813187	0.18069461544970158	0.008501168401018182	0.17914823657776807	0.00849547608223464	0.0006403887241470935	0.0006389176083653868	0.00006515086867883809
4.6923076923076923076923076923077	0.18083543759750223	0.008535825961152516	0.17930607656105255	0.008517298801725323	0.0006422159586523501	0.0006416921827189199	0.00006535813745351284
4.7032967032967032967032967032967	0.1811532813094009	0.008560444025380929	0.1795755081194147	0.008550172424258243	0.0006429518492286488	0.0006433769937477177	0.0000659382882208835
4.7142857142857142857142857142857	0.18135270345922516	0.008574932320939083	0.1798526121631954	0.008572978594910546	0.0006429156453263607	0.0006439882299377788	0.00006637834531745927
4.7252747252747252747252747252747	0.18143331321416156	0.008584100578367816	0.1800122474257336	0.008585629519085584	0.0006462298830913769	0.0006443985265592703	0.00006667651520490718
4.7362637362637362637362637362637	0.18139473189736105	0.00858568997108657	0.18005478793345442	0.008594284102021134	0.0006493165424938703	0.0006477694849512317	0.00006683131367467332
4.7472527472527472527472527472527	0.1814883252996979	0.008582803874211502	0.179981437424305	0.008594088107480103	0.0006514113217066129	0.0006507323671797869	0.00006689130007088143
4.7582417582417582417582417582418	0.1818650198314349	0.008603358868044662	0.18005829396370288	0.008590605045113177	0.0006525063738527945	0.0006527006028672721	0.0000671962828661907
4.7692307692307692307692307692308	0.18212015590515457	0.008665648784446256	0.1803933594784291	0.008622534434187848	0.0006529073853110772	0.0006536665423176758	0.0000673644969685522
4.7802197802197802197802197802198	0.18311734280699107	0.00871772400363288	0.18090271675409128	0.008683151763325474	0.0006533573333957276	0.0006540928065207869	0.00006738708319285294
4.7912087912087912087912087912088	0.18412708360861363	0.008759482909449116	0.18198723479033982	0.008733529939711805	0.0006556484313770642	0.0006544076759832358	0.00006726348895273821
4.8021978021978021978021978021978	0.1850094107188031	0.008790837015362502	0.18294626805858097	0.008773569567787975	0.0006583162659977564	0.000657028300180696	0.00006699348856044202
4.8131868131868131868131868131868	0.18576314325719975	0.00881171110432968	0.1837788467136162	0.008803184404498935	0.0006598612479281642	0.000659555834573343	0.00006704755429801856
4.8241758241758241758241758241758	0.18638719980913898	0.00882204334980567	0.18448362457622422	0.008822301495835471	0.0006602764876007693	0.0006609579930994422	0.00006705440539767296
4.8351648351648351648351648351648	0.18688060858247998	0.00882178541785485	0.18505944947977016	0.008830861294537478	0.0006595571236811316	0.0006612281441354127	0.00006693483160634307
4.8461538461538461538461538461538	0.1872424888895006	0.008810902552871145	0.1855053910099751	0.008828817758819127	0.0006614381233970344	0.0006603616884560736	0.00006728206387133336
4.8571428571428571428571428571429	0.1874723523444837	0.008818832497530613	0.18582062239119113	0.00881613843443094	0.0006644117039444742	0.0006628742908324626	0.00006759677719024033
4.8681318681318681318681318681319	0.18761920398462764	0.008854308309382176	0.18600441764809347	0.008834657773380949	0.0006662576698587929	0.0006657029932421538	0.00006780515959754067
4.8791208791208791208791208791209	0.18796635947855514	0.008879371909495438	0.18628351678652041	0.008868279536176684	0.0006669728511477283	0.0006674011211038789	0.00006840145134966092
4.8901098901098901098901098901099	0.18819069459422455	0.008893931985713697	0.18658729246493796	0.008891461442500715	0.0006668680451046028	0.0006679871572053553	0.00006885239734981695
4.9010989010989010989010989010989	0.18829185451508393	0.00890335323208592	0.1867693031770794	0.008904114697803623	0.0006702684881911992	0.0006683475634969857	0.00006915613508329791
4.9120879120879120879120879120879	0.18828760918522583	0.00890454383128777	0.18683026380695594	0.008913006082719208	0.0006734173000748749	0.0006718069331121771	0.0000693111616589622
4.9230769230769230769230769230769	0.18816702410476677	0.00890180142923168	0.18678858927078004	0.008912345930316748	0.0006755372443444023	0.0006748272361963457	0.00006936873706610432
4.9340659340659340659340659340659	0.18857596999802906	0.008920479360388759	0.1866386773095583	0.008908978639266795	0.000676620435500211	0.0006768159141627062	0.00006968026781971475
4.9450549450549450549450549450549	0.18886729652801135	0.008984663013171093	0.1870196634072013	0.00893940537029986	0.0006770038969383566	0.0006777652862968339	0.0000698492116927816
4.956043956043956043956043956044	0.18957338431961027	0.00903824987954107	0.18726479532163867	0.009001850085992691	0.000677418959856404	0.0006781745819216527	0.00006986716447579925
4.967032967032967032967032967033	0.19064026256184805	0.009081136623434417	0.1883788416212495	0.009053674102525552	0.000679718069808506	0.0006784498159471464	0.00006973358939511325
4.978021978021978021978021978022	0.1915753570320284	0.009113233614914019	0.18939253913439058	0.009094776475599366	0.0006824360076742514	0.0006810876505706293	0.00006944828841452004
4.989010989010989010989010989011	0.19237744906025428	0.009134464985939674	0.1902756761471876	0.00912506990353515	0.0006839898313748926	0.0006836601083947274	0.00006949802522963238