0	0.	0.	0.	0.	0.	0.	0.
0.010989010989010989010989010989011	2.220446049250313e-16	4.440892098500626e-16	0.000015699058397933285	8.083924347701554e-7	6.661338147750939e-16	4.928500563217142e-8	6.661338147750939e-16
0.021978021978021978021978021978022	0.	4.440892098500626e-16	0.00003139729859258367	1.616778817492559e-6	8.881784197001252e-16	9.856994420687215e-8	4.440892098500626e-16
0.032967032967032967032967032967033	4.440892098500626e-16	4.440892098500626e-16	0.00004709472067743192	2.4251591486113e-6	4.440892098500626e-16	1.4785481505796838e-7	6.661338147750939e-16
0.043956043956043956043956043956044	0.	2.220446049250313e-16	0.00006279132474551474	3.2335334274602445e-6	8.881784197001252e-16	1.971396181854601e-7	6.661338147750939e-16
0.054945054945054945054945054945055	2.220446049250313e-16	0.	0.00007848711088898064	4.041901655149616e-6	6.661338147750939e-16	2.4642435469957036e-7	4.440892098500626e-16
0.065934065934065934065934065934066	0.	0.	0.00009418207920197652	4.850263831679413e-6	6.661338147750939e-16	2.957090223798531e-7	4.440892098500626e-16
0.076923076923076923076923076923077	2.220446049250313e-16	0.	0.00010987622977642886	5.658619956827593e-6	6.661338147750939e-16	3.4499362344675433e-7	4.440892098500626e-16
0.087912087912087912087912087912088	0.	4.440892098500626e-16	0.00012556956270604047	6.466970031038244e-6	6.661338147750939e-16	3.9427815656800647e-7	6.661338147750939e-16
0.098901098901098901098901098901099	2.220446049250313e-16	0.	0.000141262078083626	7.275314053867277e-6	8.881784197001252e-16	4.435626217436095e-7	0.
0.10989010989010989010989010989011	4.440892098500626e-16	0.	0.00015695377600133398	8.083652027091048e-6	4.440892098500626e-16	4.928470187515188e-7	4.440892098500626e-16
0.12087912087912087912087912087912	4.440892098500626e-16	2.220446049250313e-16	0.00017264465655308925	8.891983949377291e-6	2.220446049250313e-16	5.421313495901359e-7	4.440892098500626e-16
0.13186813186813186813186813186813	4.440892098500626e-16	2.220446049250313e-16	0.00018833471983104033	9.700309821170094e-6	4.440892098500626e-16	5.914156120390146e-7	8.881784197001252e-16
0.14285714285714285714285714285714	4.440892098500626e-16	0.	0.00020402396592822392	0.000010508629642913547	2.220446049250313e-16	6.40699807208378e-7	6.661338147750939e-16
0.15384615384615384615384615384615	2.220446049250313e-16	0.	0.00021971239493789874	0.00001131694341416356	6.661338147750939e-16	6.899839337659586e-7	2.220446049250313e-16
0.16483516483516483516483516483516	4.440892098500626e-16	0.	0.00023540000695199126	0.000012125251135586268	2.220446049250313e-16	7.392679941542468e-7	2.220446049250313e-16
0.17582417582417582417582417582418	4.440892098500626e-16	0.	0.00025108680206442635	0.000012933552807403714	4.440892098500626e-16	7.885519861527968e-7	0.
0.18681318681318681318681318681319	4.440892098500626e-16	0.	0.0002667727803666864	0.0000137418484296159	2.220446049250313e-16	8.37835911093876e-7	4.440892098500626e-16
0.1978021978021978021978021978022	0.	0.	0.00028245794195269625	0.000014550138002888957	2.220446049250313e-16	8.871197672011277e-7	2.220446049250313e-16
0.20879120879120879120879120879121	4.440892098500626e-16	0.	0.0002981422869143824	0.000015358421526556754	0.	9.36403556694998e-7	4.440892098500626e-16
0.21978021978021978021978021978022	4.440892098500626e-16	2.220446049250313e-16	0.00031382581534500353	0.000016166699001063378	2.220446049250313e-16	9.856872784652637e-7	0.
0.23076923076923076923076923076923	6.661338147750939e-16	0.	0.00032950852733693026	0.00001697497042685292	2.220446049250313e-16	1.0349709322898804e-6	2.220446049250313e-16
0.24175824175824175824175824175824	4.440892098500626e-16	2.220446049250313e-16	0.00034519042298364333	0.000017783235803703334	0.	1.0842545190570263e-6	0.
0.25274725274725274725274725274725	4.440892098500626e-16	2.220446049250313e-16	0.00036087150237618104	0.000018591495132280755	4.440892098500626e-16	1.1335380376564785e-6	4.440892098500626e-16
0.26373626373626373626373626373626	4.440892098500626e-16	2.220446049250313e-16	0.00037655176560846826	0.000019399748412141093	2.220446049250313e-16	1.1828214889764155e-6	0.
0.27472527472527472527472527472527	6.661338147750939e-16	0.	0.0003922312127730976	0.000020207995643728438	0.	1.2321048730168371e-6	4.440892098500626e-16
0.28571428571428571428571428571429	4.440892098500626e-16	2.220446049250313e-16	0.00040790984396243957	0.000021016236827708923	0.	1.281388188889565e-6	0.
0.2967032967032967032967032967033	2.220446049250313e-16	0.	0.0004235876592684207	0.000021824471963416414	2.220446049250313e-16	1.3306714377048223e-6	0.
0.30769230769230769230769230769231	4.440892098500626e-16	0.	0.0004392646587849658	0.000022632701050850912	0.	1.3799546181303413e-6	6.661338147750939e-16
0.31868131868131868131868131868132	2.220446049250313e-16	0.	0.0004549408426037793	0.000023440924090900594	0.	1.4292377314983895e-6	4.440892098500626e-16
0.32967032967032967032967032967033	0.	0.	0.0004706162108172318	0.000024249141083787507	4.440892098500626e-16	1.4785207775869225e-6	4.440892098500626e-16
0.34065934065934065934065934065934	0.	0.	0.00048629076351836	0.000025057352029511648	4.440892098500626e-16	1.527803755285717e-6	4.440892098500626e-16
0.35164835164835164835164835164835	4.440892098500626e-16	4.440892098500626e-16	0.0005019645007993123	0.000025865556927406885	4.440892098500626e-16	1.577086665927041e-6	4.440892098500626e-16
0.36263736263736263736263736263736	6.661338147750939e-16	0.	0.0005176374227529035	0.000026673755778805486	6.661338147750939e-16	1.6263695084006713e-6	2.220446049250313e-16
0.37362637362637362637362637362637	4.440892098500626e-16	0.	0.000533309529471726	0.00002748194858326336	2.220446049250313e-16	1.67565228426092e-6	8.881784197001252e-16
0.38461538461538461538461538461538	4.440892098500626e-16	0.	0.0005489808210474845	0.000028290135341002554	0.	1.724934991509386e-6	0.
0.3956043956043956043956043956044	4.440892098500626e-16	0.	0.0005646512975732154	0.000029098316052467155	6.661338147750939e-16	1.774217631700381e-6	2.220446049250313e-16
0.40659340659340659340659340659341	4.440892098500626e-16	0.	0.0005803209591415115	0.00002990649071743512	0.	1.8235002035016379e-6	2.220446049250313e-16
0.41758241758241758241758241758242	4.440892098500626e-16	0.	0.0005959898058440771	0.00003071465933612849	4.440892098500626e-16	1.8727827086895132e-6	8.881784197001252e-16
0.42857142857142857142857142857143	4.440892098500626e-16	0.	0.000611657837774171	0.000031522821908769316	4.440892098500626e-16	1.9220651459317395e-6	2.220446049250313e-16
0.43956043956043956043956043956044	4.440892098500626e-16	0.	0.0006273250550232756	0.00003233097843602373	4.440892098500626e-16	1.971347515672406e-6	6.661338147750939e-16
0.45054945054945054945054945054945	4.440892098500626e-16	2.220446049250313e-16	0.0006429914576842055	0.000033139128917003546	4.440892098500626e-16	2.0206298179115123e-6	2.220446049250313e-16
0.46153846153846153846153846153846	4.440892098500626e-16	6.661338147750939e-16	0.0006586570458493313	0.000033947273352818996	6.661338147750939e-16	2.069912051982925e-6	4.440892098500626e-16
0.47252747252747252747252747252747	6.661338147750939e-16	2.220446049250313e-16	0.0006743218196105794	0.00003475541174302599	0.	2.1191942192189117e-6	0.
0.48351648351648351648351648351648	4.440892098500626e-16	0.	0.0006899857790603203	0.00003556354408806861	4.440892098500626e-16	2.1684763185092493e-6	4.440892098500626e-16
0.49450549450549450549450549450549	4.440892098500626e-16	2.220446049250313e-16	0.0007056489242913688	0.00003637167038839095	2.220446049250313e-16	2.2177583500759823e-6	2.220446049250313e-16
0.50549450549450549450549450549451	6.661338147750939e-16	2.220446049250313e-16	0.0007213112553956513	0.00003717979064332688	4.440892098500626e-16	2.2670403143632e-6	6.661338147750939e-16
0.51648351648351648351648351648352	6.661338147750939e-16	2.220446049250313e-16	0.0007369727724653163	0.00003798790485354253	2.220446049250313e-16	2.316322210482724e-6	4.440892098500626e-16
0.52747252747252747252747252747253	6.661338147750939e-16	0.	0.0007526334755925124	0.000038796013019259945	2.220446049250313e-16	2.3656040395447775e-6	0.
0.53846153846153846153846153846154	6.661338147750939e-16	0.	0.00076829336486961	0.00003960411514070117	4.440892098500626e-16	2.4148858013273156e-6	4.440892098500626e-16
0.54945054945054945054945054945055	4.440892098500626e-16	2.220446049250313e-16	0.0007839524403889797	0.0000404122112178662	0.	2.4641674947201153e-6	4.440892098500626e-16
0.56043956043956043956043956043956	6.661338147750939e-16	2.220446049250313e-16	0.000799610702242548	0.000041220301250533	0.	2.5134491208333998e-6	4.440892098500626e-16
0.57142857142857142857142857142857	4.440892098500626e-16	0.	0.0008152681505222414	0.00004202838523958974	4.440892098500626e-16	2.562730679667169e-6	0.
0.58241758241758241758241758241758	6.661338147750939e-16	2.220446049250313e-16	0.0008309247853202084	0.000042836463185258467	2.220446049250313e-16	2.6120121701112e-6	4.440892098500626e-16
0.59340659340659340659340659340659	4.440892098500626e-16	0.	0.0008465806067294857	0.00004364453508687305	2.220446049250313e-16	2.661293593941849e-6	2.220446049250313e-16
0.6043956043956043956043956043956	4.440892098500626e-16	2.220446049250313e-16	0.0008622356148408894	0.00004445260094509962	0.	2.7105749498268494e-6	4.440892098500626e-16
0.61538461538461538461538461538462	4.440892098500626e-16	0.	0.0008778898097470123	0.000045260660759938176	4.440892098500626e-16	2.7598562373221114e-6	2.220446049250313e-16
0.62637362637362637362637362637363	4.440892098500626e-16	0.	0.0008935431915402248	0.000046068714531610766	4.440892098500626e-16	2.8091374584260365e-6	2.220446049250313e-16
0.63736263736263736263736263736264	2.220446049250313e-16	0.	0.0009091957603120093	0.00004687676226056148	0.	2.858418611806357e-6	0.
0.64835164835164835164835164835165	4.440892098500626e-16	2.220446049250313e-16	0.0009248475161551806	0.00004768480394634622	4.440892098500626e-16	2.9076996967969393e-6	8.881784197001252e-16
0.65934065934065934065934065934066	4.440892098500626e-16	2.220446049250313e-16	0.0009404984591609988	0.00004849283959007522	4.440892098500626e-16	2.9569807149520955e-6	4.440892098500626e-16
0.67032967032967032967032967032967	2.220446049250313e-16	0.	0.0009561485894216126	0.00004930086919063825	4.440892098500626e-16	3.0062616651616025e-6	4.440892098500626e-16
0.68131868131868131868131868131868	2.220446049250313e-16	0.	0.0009717979070289484	0.000050108892749367584	2.220446049250313e-16	3.055542547647505e-6	8.881784197001252e-16
0.69230769230769230769230769230769	6.661338147750939e-16	2.220446049250313e-16	0.0009874464120751547	0.000050916910265819126	8.881784197001252e-16	3.1048233632979816e-6	4.440892098500626e-16
0.7032967032967032967032967032967	0.	4.440892098500626e-16	0.00100309410465238	0.00005172492173999288	2.220446049250313e-16	3.154104110336675e-6	4.440892098500626e-16
0.71428571428571428571428571428571	4.440892098500626e-16	0.	0.0010187409848521067	0.00005253292717277702	6.661338147750939e-16	3.2033847907619872e-6	8.881784197001252e-16
0.72527472527472527472527472527473	4.440892098500626e-16	0.	0.0010343870527662613	0.000053340926563283375	4.440892098500626e-16	3.252665402797561e-6	6.661338147750939e-16
0.73626373626373626373626373626374	2.220446049250313e-16	0.	0.0010500323084867702	0.00005414891991284421	8.881784197001252e-16	3.3019459479977087e-6	1.1102230246251565e-15
0.74725274725274725274725274725275	4.440892098500626e-16	2.220446049250313e-16	0.001065676752106226	0.00005495690722057134	8.881784197001252e-16	3.3512264252522073e-6	6.661338147750939e-16
0.75824175824175824175824175824176	4.440892098500626e-16	2.220446049250313e-16	0.001081320383715223	0.00005576488848735295	4.440892098500626e-16	3.4005068345610567e-6	4.440892098500626e-16
0.76923076923076923076923076923077	4.440892098500626e-16	2.220446049250313e-16	0.0010969632034063537	0.00005657286371318904	4.440892098500626e-16	3.4497871768124355e-6	4.440892098500626e-16
0.78021978021978021978021978021978	0.	2.220446049250313e-16	0.0011126052112711005	0.00005738083289785756	6.661338147750939e-16	3.49906745134021e-6	4.440892098500626e-16
0.79120879120879120879120879120879	2.220446049250313e-16	0.	0.0011282464074016119	0.00005818879604202465	8.881784197001252e-16	3.548347658366424e-6	4.440892098500626e-16
0.8021978021978021978021978021978	4.440892098500626e-16	2.220446049250313e-16	0.0011438867918891482	0.00005899675314546826	8.881784197001252e-16	3.597627797669034e-6	8.881784197001252e-16
0.81318681318681318681318681318681	2.220446049250313e-16	4.440892098500626e-16	0.0011595263648263021	0.00005980470420841044	6.661338147750939e-16	3.6469078692480394e-6	8.881784197001252e-16
0.82417582417582417582417582417582	0.	2.220446049250313e-16	0.0011751651263038898	0.000060612649231517324	8.881784197001252e-16	3.696187873325485e-6	4.440892098500626e-16
0.83516483516483516483516483516484	2.220446049250313e-16	6.661338147750939e-16	0.0011908030764140598	0.00006142058821456686	8.881784197001252e-16	3.7454678103454597e-6	1.1102230246251565e-15
0.84615384615384615384615384615385	2.220446049250313e-16	4.440892098500626e-16	0.0012064402152487386	0.00006222852115689292	4.440892098500626e-16	3.794747679197741e-6	8.881784197001252e-16
0.85714285714285714285714285714286	2.220446049250313e-16	4.440892098500626e-16	0.0012220765428994085	0.00006303644806027187	6.661338147750939e-16	3.844027480548462e-6	4.440892098500626e-16
0.86813186813186813186813186813187	0.	2.220446049250313e-16	0.0012377120594573299	0.00006384436892359346	8.881784197001252e-16	3.893307214619668e-6	6.661338147750939e-16
0.87912087912087912087912087912088	4.440892098500626e-16	4.440892098500626e-16	0.0012533467650146513	0.0000646522837477459	6.661338147750939e-16	3.9425868814113585e-6	8.881784197001252e-16
0.89010989010989010989010989010989	0.	4.440892098500626e-16	0.001268980659662855	0.00006546019253250712	2.220446049250313e-16	3.991866479813311e-6	4.440892098500626e-16
0.9010989010989010989010989010989	2.220446049250313e-16	2.220446049250313e-16	0.0012846137434936455	0.00006626809527809918	8.881784197001252e-16	4.041146010935748e-6	8.881784197001252e-16
0.91208791208791208791208791208791	2.220446049250313e-16	6.661338147750939e-16	0.0013002460165985052	0.00006707599198452208	8.881784197001252e-16	4.0904254747786695e-6	1.1102230246251565e-15
0.92307692307692307692307692307692	2.220446049250313e-16	0.	0.0013158774790691385	0.00006788388265266398	6.661338147750939e-16	4.139704870009808e-6	8.881784197001252e-16
0.93406593406593406593406593406593	4.440892098500626e-16	6.661338147750939e-16	0.0013315081309965837	0.00006869176728163673	8.881784197001252e-16	4.1889841986275655e-6	8.881784197001252e-16
0.94505494505494505494505494505495	0.	2.220446049250313e-16	0.0013471379724734334	0.00006949964587255053	2.220446049250313e-16	4.238263459521718e-6	4.440892098500626e-16
0.95604395604395604395604395604396	4.440892098500626e-16	2.220446049250313e-16	0.0013627670035898376	0.0000703075184249613	4.440892098500626e-16	4.287542652914311e-6	1.1102230246251565e-15
0.96703296703296703296703296703297	2.220446049250313e-16	6.661338147750939e-16	0.0013783952244388331	0.00007111538493909109	8.881784197001252e-16	4.336821778805344e-6	2.220446049250313e-16
0.97802197802197802197802197802198	2.220446049250313e-16	2.220446049250313e-16	0.00139402263511057	0.00007192324541560602	4.440892098500626e-16	4.386100836306639e-6	4.440892098500626e-16
0.98901098901098901098901098901099	0.	2.220446049250313e-16	0.0014096492356971968	0.00007273109985383996	4.440892098500626e-16	4.435379827860686e-6	4.440892098500626e-16
1.	0.	6.661338147750939e-16	0.0014252750262899738	0.00007353894825445906	6.661338147750939e-16	4.4846587505809055e-6	1.1102230246251565e-15
1.010989010989010989010989010989	0.	2.220446049250313e-16	0.0014409000069808275	0.00007434679061768534	4.440892098500626e-16	4.533937605799565e-6	4.440892098500626e-16
1.021978021978021978021978021978	0.	4.440892098500626e-16	0.0014565241778605742	0.00007515462694351882	8.881784197001252e-16	4.583216393738709e-6	6.661338147750939e-16
1.032967032967032967032967032967	0.	6.661338147750939e-16	0.0014721475390204741	0.00007596245723218154	4.440892098500626e-16	4.632495114176294e-6	8.881784197001252e-16
1.043956043956043956043956043956	2.220446049250313e-16	6.661338147750939e-16	0.0014877700905524538	0.00007677028148367349	6.661338147750939e-16	4.681773766890274e-6	1.1102230246251565e-15
1.0549450549450549450549450549451	4.440892098500626e-16	4.440892098500626e-16	0.0015033918325479956	0.00007757809969843876	6.661338147750939e-16	4.7310523527688275e-6	8.881784197001252e-16
1.0659340659340659340659340659341	2.220446049250313e-16	6.661338147750939e-16	0.0015190127650979157	0.00007838591187625532	2.220446049250313e-16	4.780330869813554e-6	8.881784197001252e-16
1.0769230769230769230769230769231	4.440892098500626e-16	6.661338147750939e-16	0.0015346328882934746	0.0000791937180177893	6.661338147750939e-16	4.829609320022854e-6	6.661338147750939e-16
1.0879120879120879120879120879121	0.	6.661338147750939e-16	0.0015502522022265985	0.00008000151812304068	8.881784197001252e-16	4.878887702286505e-6	1.1102230246251565e-15
1.0989010989010989010989010989011	2.220446049250313e-16	6.661338147750939e-16	0.001565870706988326	0.0000808093121915654	6.661338147750939e-16	4.92816601771473e-6	6.661338147750939e-16
1.1098901098901098901098901098901	2.220446049250313e-16	4.440892098500626e-16	0.001581488402669473	0.00008161710022447366	8.881784197001252e-16	4.977444264531172e-6	1.5543122344752192e-15
1.1208791208791208791208791208791	0.	6.661338147750939e-16	0.0015971052893621884	0.00008242488222109934	6.661338147750939e-16	5.026722444290144e-6	8.881784197001252e-16
1.1318681318681318681318681318681	0.	4.440892098500626e-16	0.0016127213671570662	0.00008323265818188652	8.881784197001252e-16	5.076000556325511e-6	1.1102230246251565e-15
1.1428571428571428571428571428571	2.220446049250313e-16	8.881784197001252e-16	0.0016283366361449225	0.0000840404281072793	6.661338147750939e-16	5.125278601081362e-6	1.1102230246251565e-15
1.1538461538461538461538461538462	0.	8.881784197001252e-16	0.001643951096418128	0.00008484819199772176	4.440892098500626e-16	5.1745565785576986e-6	6.661338147750939e-16
1.1648351648351648351648351648352	2.220446049250313e-16	8.881784197001252e-16	0.001659564748067055	0.00008565594985232572	4.440892098500626e-16	5.223834487866341e-6	8.881784197001252e-16
1.1758241758241758241758241758242	4.440892098500626e-16	6.661338147750939e-16	0.0016751775911829636	0.00008646370167153528	6.661338147750939e-16	5.273112329673424e-6	4.440892098500626e-16
1.1868131868131868131868131868132	0.	6.661338147750939e-16	0.0016907896258573363	0.00008727144745646065	1.1102230246251565e-15	5.3223901046450806e-6	1.1102230246251565e-15
1.1978021978021978021978021978022	2.220446049250313e-16	8.881784197001252e-16	0.0017064008521809892	0.00008807918720665775	6.661338147750939e-16	5.371667811671088e-6	6.661338147750939e-16
1.2087912087912087912087912087912	0.	6.661338147750939e-16	0.001722011270245405	0.00008888692092212658	1.1102230246251565e-15	5.420945451195536e-6	4.440892098500626e-16
1.2197802197802197802197802197802	4.440892098500626e-16	6.661338147750939e-16	0.0017376208801409554	0.000089694648602201	4.440892098500626e-16	5.47022302255229e-6	1.1102230246251565e-15
1.2307692307692307692307692307692	4.440892098500626e-16	6.661338147750939e-16	0.0017532296819595672	0.00009050237024887942	8.881784197001252e-16	5.519500526629528e-6	1.1102230246251565e-15
1.2417582417582417582417582417582	4.440892098500626e-16	1.1102230246251565e-15	0.0017688376757916124	0.00009131008586127365	8.881784197001252e-16	5.568777963649296e-6	1.3322676295501878e-15
1.2527472527472527472527472527473	2.220446049250313e-16	8.881784197001252e-16	0.0017844448617287956	0.0000921177954393837	6.661338147750939e-16	5.6180553325013705e-6	1.1102230246251565e-15
1.2637362637362637362637362637363	0.	1.1102230246251565e-15	0.0018000512398619328	0.00009292549898365365	1.1102230246251565e-15	5.667332634518019e-6	6.661338147750939e-16
1.2747252747252747252747252747253	0.	1.1102230246251565e-15	0.0018156568102813964	0.00009373319649430556	1.3322676295501878e-15	5.716609868589018e-6	1.1102230246251565e-15
1.2857142857142857142857142857143	0.	8.881784197001252e-16	0.0018312615730793347	0.00009454088797156146	1.5543122344752192e-15	5.765887034714368e-6	4.440892098500626e-16
1.2967032967032967032967032967033	0.	8.881784197001252e-16	0.0018468655283456759	0.00009534857341519931	8.881784197001252e-16	5.815164133782247e-6	1.1102230246251565e-15
1.3076923076923076923076923076923	0.	8.881784197001252e-16	0.0018624686761721243	0.00009615625282588525	8.881784197001252e-16	5.864441165126522e-6	8.881784197001252e-16
1.3186813186813186813186813186813	2.220446049250313e-16	1.1102230246251565e-15	0.0018780710166492742	0.00009696392620339722	6.661338147750939e-16	5.913718128303103e-6	1.3322676295501878e-15
1.3296703296703296703296703296703	2.220446049250313e-16	8.881784197001252e-16	0.0018936725498679419	0.00009777159354795728	4.440892098500626e-16	5.962995024422213e-6	1.1102230246251565e-15
1.3406593406593406593406593406593	2.220446049250313e-16	1.1102230246251565e-15	0.0019092732759191655	0.00009857925485978747	8.881784197001252e-16	6.012271853705897e-6	1.1102230246251565e-15
1.3516483516483516483516483516484	2.220446049250313e-16	1.1102230246251565e-15	0.0019248731948942055	0.00009938691013955392	6.661338147750939e-16	6.0615486143777986e-6	1.3322676295501878e-15
1.3626373626373626373626373626374	0.	1.1102230246251565e-15	0.0019404723068829899	0.0001001945593865905	1.1102230246251565e-15	6.110825307992229e-6	4.440892098500626e-16
1.3736263736263736263736263736264	2.220446049250313e-16	1.1102230246251565e-15	0.001956070611977223	0.00010100220260111925	8.881784197001252e-16	6.160101934549189e-6	1.3322676295501878e-15
1.3846153846153846153846153846154	2.220446049250313e-16	1.1102230246251565e-15	0.0019716681102677214	0.00010180983978380631	6.661338147750939e-16	6.209378492716411e-6	6.661338147750939e-16
1.3956043956043956043956043956044	2.220446049250313e-16	1.1102230246251565e-15	0.001987264801844857	0.00010261747093465168	4.440892098500626e-16	6.258654983604117e-6	1.1102230246251565e-15
1.4065934065934065934065934065934	0.	1.3322676295501878e-15	0.00200286068679989	0.0001034250960538774	4.440892098500626e-16	6.3079314065461745e-6	8.881784197001252e-16
1.4175824175824175824175824175824	4.440892098500626e-16	1.3322676295501878e-15	0.0020184557652231927	0.00010423271514103938	6.661338147750939e-16	6.357207762652806e-6	1.7763568394002505e-15
1.4285714285714285714285714285714	4.440892098500626e-16	1.1102230246251565e-15	0.0020340500372053594	0.00010504032819680376	8.881784197001252e-16	6.4064840503696985e-6	8.881784197001252e-16
1.4395604395604395604395604395604	2.220446049250313e-16	1.1102230246251565e-15	0.0020496435028380944	0.00010584793522139258	1.3322676295501878e-15	6.455760271917299e-6	6.661338147750939e-16
1.4505494505494505494505494505495	2.220446049250313e-16	1.1102230246251565e-15	0.0020652361622113258	0.00010665553621502788	1.1102230246251565e-15	6.505036425075161e-6	1.1102230246251565e-15
1.4615384615384615384615384615385	0.	1.3322676295501878e-15	0.0020808280154156478	0.00010746313117748763	1.1102230246251565e-15	6.554312511175553e-6	1.1102230246251565e-15
1.4725274725274725274725274725275	2.220446049250313e-16	1.1102230246251565e-15	0.0020964190625425427	0.00010827072010965999	1.3322676295501878e-15	6.603588528442117e-6	1.1102230246251565e-15
1.4835164835164835164835164835165	2.220446049250313e-16	1.5543122344752192e-15	0.0021120093036821608	0.00010907830301043475	1.5543122344752192e-15	6.652864479317344e-6	1.1102230246251565e-15
1.4945054945054945054945054945055	0.	1.3322676295501878e-15	0.002127598738925096	0.00010988587988136622	8.881784197001252e-16	6.702140362246922e-6	8.881784197001252e-16
1.5054945054945054945054945054945	0.	1.5543122344752192e-15	0.002143187368361721	0.00011069345072156622	8.881784197001252e-16	6.751416177452896e-6	1.3322676295501878e-15
1.5164835164835164835164835164835	0.	1.7763568394002505e-15	0.0021587751920839615	0.00011150101553192293	4.440892098500626e-16	6.800691925823443e-6	1.1102230246251565e-15
1.5274725274725274725274725274725	2.220446049250313e-16	1.3322676295501878e-15	0.00217436221018108	0.00011230857431177022	1.5543122344752192e-15	6.849967606248342e-6	1.3322676295501878e-15
1.5384615384615384615384615384615	0.	1.3322676295501878e-15	0.0021899484227443367	0.00011311612706177421	1.1102230246251565e-15	6.899243219393725e-6	1.1102230246251565e-15
1.5494505494505494505494505494505	0.	1.7763568394002505e-15	0.0022055338298636595	0.00011392367378260104	1.1102230246251565e-15	6.948518764371414e-6	1.5543122344752192e-15
1.5604395604395604395604395604396	0.	1.7763568394002505e-15	0.002221118431630531	0.00011473121447358459	8.881784197001252e-16	6.997794242069588e-6	1.5543122344752192e-15
1.5714285714285714285714285714286	0.	1.5543122344752192e-15	0.002236702228134657	0.00011553874913561302	8.881784197001252e-16	7.047069652266202e-6	1.1102230246251565e-15
1.5824175824175824175824175824176	0.	1.3322676295501878e-15	0.002252285219467298	0.0001163462777680202	6.661338147750939e-16	7.096344994961257e-6	1.5543122344752192e-15
1.5934065934065934065934065934066	2.220446049250313e-16	1.3322676295501878e-15	0.0022678674057181603	0.00011715380037125023	1.3322676295501878e-15	7.1456202699327065e-6	1.7763568394002505e-15
1.6043956043956043956043956043956	2.220446049250313e-16	1.7763568394002505e-15	0.0022834487869782816	0.00011796131694574719	1.5543122344752192e-15	7.194895477846686e-6	1.7763568394002505e-15
1.6153846153846153846153846153846	0.	1.5543122344752192e-15	0.0022990293633384784	0.00011876882749151108	8.881784197001252e-16	7.24417061803706e-6	1.7763568394002505e-15
1.6263736263736263736263736263736	2.220446049250313e-16	1.7763568394002505e-15	0.0023146091348884568	0.00011957633200898599	1.1102230246251565e-15	7.293445690281786e-6	1.1102230246251565e-15
1.6373626373626373626373626373626	0.	1.7763568394002505e-15	0.002330188101718589	0.00012038383049750578	8.881784197001252e-16	7.3427206954690405e-6	1.3322676295501878e-15
1.6483516483516483516483516483516	0.	1.7763568394002505e-15	0.002345766263919913	0.00012119132295840274	1.3322676295501878e-15	7.391995632932691e-6	1.1102230246251565e-15
1.6593406593406593406593406593407	0.	1.9984014443252818e-15	0.002361343621582801	0.00012199880939078867	1.3322676295501878e-15	7.441270502894781e-6	1.3322676295501878e-15
1.6703296703296703296703296703297	2.220446049250313e-16	1.7763568394002505e-15	0.0023769201747971813	0.00012280628979555175	1.3322676295501878e-15	7.4905453049112225e-6	1.5543122344752192e-15
1.6813186813186813186813186813187	0.	1.7763568394002505e-15	0.00239249592365387	0.0001236137641722479	8.881784197001252e-16	7.539820040092238e-6	1.3322676295501878e-15
1.6923076923076923076923076923077	4.440892098500626e-16	1.7763568394002505e-15	0.0024080708682427954	0.0001244212325213212	6.661338147750939e-16	7.589094707327604e-6	8.881784197001252e-16
1.7032967032967032967032967032967	2.220446049250313e-16	1.7763568394002505e-15	0.0024236450086545513	0.00012522869484321575	1.3322676295501878e-15	7.63836930661732e-6	1.1102230246251565e-15
1.7142857142857142857142857142857	0.	1.7763568394002505e-15	0.002439218344979288	0.0001260361511372654	8.881784197001252e-16	7.687643839293656e-6	1.1102230246251565e-15
1.7252747252747252747252747252747	2.220446049250313e-16	1.7763568394002505e-15	0.002454790877307378	0.00012684360140480244	8.881784197001252e-16	7.736918303358209e-6	1.5543122344752192e-15
1.7362637362637362637362637362637	0.	1.7763568394002505e-15	0.002470362605729415	0.00012765104564493868	1.5543122344752192e-15	7.786192701031425e-6	1.5543122344752192e-15
1.7472527472527472527472527472527	2.220446049250313e-16	1.7763568394002505e-15	0.002485933530335105	0.0001284584838585623	1.5543122344752192e-15	7.835467030981036e-6	1.5543122344752192e-15
1.7582417582417582417582417582418	0.	1.7763568394002505e-15	0.0025015036512152644	0.00012926591604567328	8.881784197001252e-16	7.884741292984998e-6	1.5543122344752192e-15
1.7692307692307692307692307692308	2.220446049250313e-16	1.7763568394002505e-15	0.0025170729684595994	0.00013007334220582756	1.1102230246251565e-15	7.9340154874874e-6	8.881784197001252e-16
1.7802197802197802197802197802198	0.	2.220446049250313e-15	0.002532641482158482	0.0001308807623399133	6.661338147750939e-16	7.983289614488243e-6	8.881784197001252e-16
1.7912087912087912087912087912088	2.220446049250313e-16	1.7763568394002505e-15	0.0025482091924020622	0.00013168817644770847	8.881784197001252e-16	8.032563673987525e-6	1.5543122344752192e-15
1.8021978021978021978021978021978	0.	1.9984014443252818e-15	0.0025637760992811565	0.00013249558452965715	1.1102230246251565e-15	8.081837666207292e-6	1.1102230246251565e-15
1.8131868131868131868131868131868	0.	1.9984014443252818e-15	0.0025793422028852486	0.0001333029865855373	1.1102230246251565e-15	8.131111590259366e-6	1.3322676295501878e-15
1.8241758241758241758241758241758	0.	1.9984014443252818e-15	0.002594907503304489	0.00013411038261601504	1.3322676295501878e-15	8.180385447698058e-6	1.5543122344752192e-15
1.8351648351648351648351648351648	2.220446049250313e-16	2.220446049250313e-15	0.002610472000629027	0.00013491777262042426	1.3322676295501878e-15	8.229659236747011e-6	1.3322676295501878e-15
1.8461538461538461538461538461538	0.	1.9984014443252818e-15	0.002626035694949236	0.0001357251566000972	1.5543122344752192e-15	8.278932958738494e-6	1.5543122344752192e-15
1.8571428571428571428571428571429	0.	1.9984014443252818e-15	0.002641598586355043	0.00013653253455392367	1.5543122344752192e-15	8.328206612784328e-6	1.1102230246251565e-15
1.8681318681318681318681318681319	0.	1.9984014443252818e-15	0.0026571606749368204	0.00013733990648279182	1.1102230246251565e-15	8.377480199772691e-6	1.5543122344752192e-15
1.8791208791208791208791208791209	0.	1.7763568394002505e-15	0.0026727219607836084	0.0001381472723869237	1.5543122344752192e-15	8.42675371903745e-6	1.3322676295501878e-15
1.8901098901098901098901098901099	2.220446049250313e-16	1.9984014443252818e-15	0.002688282443986889	0.0001389546322667634	1.3322676295501878e-15	8.476027170578604e-6	1.5543122344752192e-15
1.9010989010989010989010989010989	0.	1.9984014443252818e-15	0.0027038421246359245	0.00013976198612142277	1.3322676295501878e-15	8.525300555284332e-6	1.3322676295501878e-15
1.9120879120879120879120879120879	2.220446049250313e-16	1.9984014443252818e-15	0.0027194010028201987	0.00014056933395178994	1.5543122344752192e-15	8.574573871378277e-6	1.5543122344752192e-15
1.9230769230769230769230769230769	2.220446049250313e-16	1.7763568394002505e-15	0.00273495907863075	0.000141376675758087	1.5543122344752192e-15	8.623847120636796e-6	1.7763568394002505e-15
1.9340659340659340659340659340659	0.	1.9984014443252818e-15	0.00275051635215684	0.00014218401154009186	1.3322676295501878e-15	8.673120302393755e-6	1.5543122344752192e-15
1.9450549450549450549450549450549	0.	2.220446049250313e-15	0.002766072823488619	0.0001429913412980266	1.7763568394002505e-15	8.722393417093244e-6	1.3322676295501878e-15
1.956043956043956043956043956044	0.	2.220446049250313e-15	0.002781628492716459	0.0001437986650323353	8.881784197001252e-16	8.771666462958905e-6	6.661338147750939e-16
1.967032967032967032967032967033	0.	2.220446049250313e-15	0.0027971833599294005	0.00014460598274301795	8.881784197001252e-16	8.82093944198914e-6	1.5543122344752192e-15
1.978021978021978021978021978022	0.	2.220446049250313e-15	0.002812737425218037	0.00014541329443051865	1.5543122344752192e-15	8.87021235373986e-6	1.9984014443252818e-15
1.989010989010989010989010989011	0.	2.220446049250313e-15	0.002828290688671853	0.00014622060009417126	8.881784197001252e-16	8.919485197766974e-6	1.5543122344752192e-15
2.	0.	2.220446049250313e-15	0.002843843150381442	0.00014702789973486396	1.3322676295501878e-15	8.968757974514574e-6	1.7763568394002505e-15
2.010989010989010989010989010989	0.	2.220446049250313e-15	0.0028593948104356226	0.00014783519335259676	1.3322676295501878e-15	9.01803068353857e-6	1.5543122344752192e-15
2.021978021978021978021978021978	0.	2.220446049250313e-15	0.0028749456689245445	0.0001486424809475917	8.881784197001252e-16	9.067303325061005e-6	1.1102230246251565e-15
2.032967032967032967032967032967	2.220446049250313e-16	2.220446049250313e-15	0.002890495725938802	0.00014944976251984876	1.5543122344752192e-15	9.11657589908188e-6	1.1102230246251565e-15
2.043956043956043956043956043956	0.	2.220446049250313e-15	0.002906044981567213	0.00015025703806959	1.5543122344752192e-15	9.165848405601196e-6	1.1102230246251565e-15
2.0549450549450549450549450549451	0.	2.220446049250313e-15	0.0029215934358999274	0.00015106430759681544	1.5543122344752192e-15	9.215120844174862e-6	1.7763568394002505e-15
2.0659340659340659340659340659341	2.220446049250313e-16	2.220446049250313e-15	0.0029371410890268734	0.00015187157110196914	1.3322676295501878e-15	9.264393216357192e-6	1.9984014443252818e-15
2.0769230769230769230769230769231	2.220446049250313e-16	2.6645352591003757e-15	0.002952687941037091	0.00015267882858527315	1.5543122344752192e-15	9.313665520149783e-6	1.7763568394002505e-15
2.0879120879120879120879120879121	0.	2.220446049250313e-15	0.0029682339920216183	0.00015348608004650544	1.5543122344752192e-15	9.36293775621877e-6	1.7763568394002505e-15
2.0989010989010989010989010989011	2.220446049250313e-16	2.4424906541753444e-15	0.002983779242069051	0.00015429332548633212	1.5543122344752192e-15	9.412209925008241e-6	1.5543122344752192e-15
2.1098901098901098901098901098901	0.	2.4424906541753444e-15	0.0029993236912693177	0.00015510056490386503	1.3322676295501878e-15	9.461482026962287e-6	1.7763568394002505e-15
2.1208791208791208791208791208791	0.	2.6645352591003757e-15	0.003014867339712346	0.00015590779830065848	1.5543122344752192e-15	9.510754060748638e-6	1.3322676295501878e-15
2.1318681318681318681318681318681	0.	2.4424906541753444e-15	0.00303041018748762	0.00015671502567604634	1.3322676295501878e-15	9.560026026811386e-6	1.7763568394002505e-15
2.1428571428571428571428571428571	4.440892098500626e-16	2.4424906541753444e-15	0.0030459522346848455	0.00015752224703047268	1.3322676295501878e-15	9.609297925816662e-6	1.7763568394002505e-15
2.1538461538461538461538461538462	0.	2.6645352591003757e-15	0.003061493481393729	0.00015832946236349343	1.1102230246251565e-15	9.658569757098334e-6	1.9984014443252818e-15
2.1648351648351648351648351648352	4.440892098500626e-16	2.6645352591003757e-15	0.003077033927703532	0.0001591366716762188	1.1102230246251565e-15	9.707841521100491e-6	1.3322676295501878e-15
2.1758241758241758241758241758242	4.440892098500626e-16	2.6645352591003757e-15	0.0030925735737039606	0.00015994387496820472	1.5543122344752192e-15	9.757113217156999e-6	1.5543122344752192e-15
2.1868131868131868131868131868132	2.220446049250313e-16	2.4424906541753444e-15	0.003108112419484943	0.00016075107223989527	1.3322676295501878e-15	9.80638484593399e-6	1.5543122344752192e-15
2.1978021978021978021978021978022	0.	2.6645352591003757e-15	0.003123650465135963	0.00016155826349129043	1.5543122344752192e-15	9.855656407875557e-6	1.5543122344752192e-15
2.2087912087912087912087912087912	2.220446049250313e-16	2.6645352591003757e-15	0.003139187710746283	0.00016236544872216818	1.1102230246251565e-15	9.904927900761251e-6	1.1102230246251565e-15
2.2197802197802197802197802197802	4.440892098500626e-16	2.220446049250313e-15	0.0031547241564056083	0.00016317262793319465	1.9984014443252818e-15	9.954199327255608e-6	1.7763568394002505e-15
2.2307692307692307692307692307692	0.	2.4424906541753444e-15	0.0031702598022034234	0.00016397980112481392	1.3322676295501878e-15	0.000010003470686026361	1.3322676295501878e-15
2.2417582417582417582417582417582	0.	2.6645352591003757e-15	0.00318579464822899	0.0001647869682965819	1.5543122344752192e-15	0.000010052741977517599	1.5543122344752192e-15
2.2527472527472527472527472527473	0.	2.6645352591003757e-15	0.0032013286945720143	0.0001655941294484986	1.3322676295501878e-15	0.000010102013201285232	1.9984014443252818e-15
2.2637362637362637362637362637363	2.220446049250313e-16	2.4424906541753444e-15	0.003216861941322202	0.00016640128458123016	1.5543122344752192e-15	0.00001015128435732926	1.1102230246251565e-15
2.2747252747252747252747252747253	0.	2.6645352591003757e-15	0.0032323943885681494	0.0001672084336954427	1.9984014443252818e-15	0.000010200555445871728	1.5543122344752192e-15
2.2857142857142857142857142857143	2.220446049250313e-16	2.6645352591003757e-15	0.0032479260364006723	0.0001680155767895819	1.3322676295501878e-15	0.000010249826467356726	1.9984014443252818e-15
2.2967032967032967032967032967033	0.	2.4424906541753444e-15	0.0032634568849077006	0.00016882271386564618	1.5543122344752192e-15	0.00001029909742067403	1.7763568394002505e-15
2.3076923076923076923076923076923	0.	2.4424906541753444e-15	0.003278986934179162	0.0001696298449229694	1.1102230246251565e-15	0.000010348368307155908	1.5543122344752192e-15
2.3186813186813186813186813186813	0.	2.4424906541753444e-15	0.0032945161843047632	0.0001704369699617736	1.9984014443252818e-15	0.000010397639126136227	1.7763568394002505e-15
2.3296703296703296703296703296703	2.220446049250313e-16	2.4424906541753444e-15	0.0033100446353737656	0.00017124408898205878	1.7763568394002505e-15	0.000010446909876726806	1.7763568394002505e-15
2.3406593406593406593406593406593	0.	2.6645352591003757e-15	0.003325572287474987	0.00017205120198382495	1.7763568394002505e-15	0.00001049618056048196	1.9984014443252818e-15
2.3516483516483516483516483516484	0.	2.4424906541753444e-15	0.003341099140698134	0.00017285830896796028	1.5543122344752192e-15	0.000010545451176291465	1.9984014443252818e-15
2.3626373626373626373626373626374	2.220446049250313e-16	2.4424906541753444e-15	0.0033566251951324677	0.00017366540993379864	1.9984014443252818e-15	0.000010594721725487588	1.9984014443252818e-15
2.3736263736263736263736263736264	0.	2.4424906541753444e-15	0.0033721504508676947	0.0001744725048822282	1.7763568394002505e-15	0.000010643992206293973	1.7763568394002505e-15
2.3846153846153846153846153846154	0.	2.6645352591003757e-15	0.0033876749079921886	0.0001752795938128049	1.9984014443252818e-15	0.000010693262620264932	1.9984014443252818e-15
2.3956043956043956043956043956044	0.	2.220446049250313e-15	0.0034031985665958775	0.00017608667672619482	1.9984014443252818e-15	0.000010742532966068197	1.5543122344752192e-15
2.4065934065934065934065934065934	4.440892098500626e-16	2.220446049250313e-15	0.0034187214267678012	0.00017689375362195392	1.5543122344752192e-15	0.000010791803244813991	2.220446049250313e-15
2.4175824175824175824175824175824	0.	2.6645352591003757e-15	0.0034342434885969997	0.0001777008245011924	1.9984014443252818e-15	0.000010841073455836181	1.7763568394002505e-15
2.4285714285714285714285714285714	2.220446049250313e-16	2.220446049250313e-15	0.003449764752172957	0.0001785078893630221	1.5543122344752192e-15	0.000010890343600022945	1.9984014443252818e-15
2.4395604395604395604395604395604	2.220446049250313e-16	2.4424906541753444e-15	0.0034652852175847126	0.00017931494820877525	1.5543122344752192e-15	0.00001093961367581997	1.5543122344752192e-15
2.4505494505494505494505494505495	4.440892098500626e-16	2.6645352591003757e-15	0.003480804884921529	0.00018012200103711962	1.9984014443252818e-15	0.000010988883683893391	1.9984014443252818e-15
2.4615384615384615384615384615385	2.220446049250313e-16	2.4424906541753444e-15	0.0034963237542726677	0.00018092904784916541	1.5543122344752192e-15	0.00001103815362579752	1.9984014443252818e-15
2.4725274725274725274725274725275	0.	2.4424906541753444e-15	0.0035118418257267248	0.00018173608864491264	1.5543122344752192e-15	0.000011087423499533955	1.9984014443252818e-15
2.4835164835164835164835164835165	2.220446049250313e-16	2.4424906541753444e-15	0.003527359099373184	0.0001825431234248054	1.9984014443252818e-15	0.00001113669330576883	1.9984014443252818e-15
2.4945054945054945054945054945055	2.220446049250313e-16	2.220446049250313e-15	0.0035428755753013075	0.00018335015218839956	1.3322676295501878e-15	0.0000111859630442801	1.9984014443252818e-15
2.5054945054945054945054945054945	0.	2.4424906541753444e-15	0.003558391253599913	0.0001841571749359172	1.5543122344752192e-15	0.000011235232715511856	2.6645352591003757e-15
2.5164835164835164835164835164835	4.440892098500626e-16	2.220446049250313e-15	0.0035739061343580403	0.00018496419166824651	1.7763568394002505e-15	0.000011284502319020007	2.4424906541753444e-15
2.5274725274725274725274725274725	4.440892098500626e-16	2.4424906541753444e-15	0.0035894202176649515	0.00018577120238472133	1.9984014443252818e-15	0.000011333771855248642	2.6645352591003757e-15
2.5384615384615384615384615384615	4.440892098500626e-16	2.6645352591003757e-15	0.0036049335036094643	0.00018657820708578576	1.5543122344752192e-15	0.000011383041323531629	1.7763568394002505e-15
2.5494505494505494505494505494505	2.220446049250313e-16	2.4424906541753444e-15	0.0036204459922808407	0.00018738520577210593	1.9984014443252818e-15	0.000011432310725423278	1.9984014443252818e-15
2.5604395604395604395604395604396	4.440892098500626e-16	2.4424906541753444e-15	0.0036359576837678986	0.0001881921984430157	1.7763568394002505e-15	0.00001148158005892519	1.7763568394002505e-15
2.5714285714285714285714285714286	2.220446049250313e-16	2.4424906541753444e-15	0.003651468578159456	0.00018899918509918123	1.9984014443252818e-15	0.000011530849324481451	1.7763568394002505e-15
2.5824175824175824175824175824176	4.440892098500626e-16	2.220446049250313e-15	0.0036669786755449962	0.00018980616574038045	1.5543122344752192e-15	0.000011580118523868421	1.7763568394002505e-15
2.5934065934065934065934065934066	4.440892098500626e-16	2.4424906541753444e-15	0.0036824879760128937	0.0001906131403677236	1.9984014443252818e-15	0.000011629387654643608	1.9984014443252818e-15
2.6043956043956043956043956043956	2.220446049250313e-16	2.4424906541753444e-15	0.003697996479652188	0.00019142010897965633	1.5543122344752192e-15	0.000011678656718583369	1.9984014443252818e-15
2.6153846153846153846153846153846	4.440892098500626e-16	2.4424906541753444e-15	0.003713504186552141	0.000192227071577733	1.7763568394002505e-15	0.000011727925714799525	1.7763568394002505e-15
2.6263736263736263736263736263736	2.220446049250313e-16	2.4424906541753444e-15	0.003729011096800905	0.00019303402816217563	1.9984014443252818e-15	0.000011777194643736166	1.5543122344752192e-15
2.6373626373626373626373626373626	4.440892098500626e-16	2.6645352591003757e-15	0.0037445172104884072	0.00019384097873209605	1.5543122344752192e-15	0.000011826463504505114	1.7763568394002505e-15
2.6483516483516483516483516483516	4.440892098500626e-16	2.4424906541753444e-15	0.0037600225277028	0.00019464792328860447	1.5543122344752192e-15	0.000011875732298882724	1.5543122344752192e-15
2.6593406593406593406593406593407	6.661338147750939e-16	2.4424906541753444e-15	0.0037755270485331227	0.00019545486183125682	1.7763568394002505e-15	0.000011925001025314685	1.9984014443252818e-15
2.6703296703296703296703296703297	0.	2.6645352591003757e-15	0.0037910307730679715	0.00019626179436027513	1.7763568394002505e-15	0.000011974269683800998	2.6645352591003757e-15
2.6813186813186813186813186813187	2.220446049250313e-16	2.6645352591003757e-15	0.0038065337013966083	0.00019706872087632554	1.7763568394002505e-15	0.00001202353827522984	1.9984014443252818e-15
2.6923076923076923076923076923077	4.440892098500626e-16	2.6645352591003757e-15	0.0038220358336071847	0.00019787564137940805	1.9984014443252818e-15	0.000012072806798935076	1.9984014443252818e-15
2.7032967032967032967032967032967	2.220446049250313e-16	2.220446049250313e-15	0.0038375371697889626	0.00019868255586930061	1.5543122344752192e-15	0.00001212207525447262	2.220446049250313e-15
2.7142857142857142857142857142857	0.	2.220446049250313e-15	0.00385303771003076	0.00019948946434644732	1.5543122344752192e-15	0.00001217134364384087	1.9984014443252818e-15
2.7252747252747252747252747252747	0.	2.4424906541753444e-15	0.0038685374544213946	0.00020029636681084817	1.9984014443252818e-15	0.000012220611965263473	1.9984014443252818e-15
2.7362637362637362637362637362637	2.220446049250313e-16	2.220446049250313e-15	0.003884036403049018	0.00020110326326250316	1.5543122344752192e-15	0.000012269880219184515	1.7763568394002505e-15
2.7472527472527472527472527472527	2.220446049250313e-16	2.4424906541753444e-15	0.0038995345560024486	0.00020191015370207843	1.9984014443252818e-15	0.000012319148405826041	1.9984014443252818e-15
2.7582417582417582417582417582418	0.	2.220446049250313e-15	0.00391503191337117	0.0002027170381291299	1.9984014443252818e-15	0.000012368416524743964	2.220446049250313e-15
2.7692307692307692307692307692308	0.	2.6645352591003757e-15	0.003930528475242223	0.0002035239165445457	1.9984014443252818e-15	0.000012417684575938281	2.220446049250313e-15
2.7802197802197802197802197802198	0.	2.4424906541753444e-15	0.003946024241706425	0.00020433078894788181	2.6645352591003757e-15	0.000012466952559853084	1.9984014443252818e-15
2.7912087912087912087912087912088	0.	2.6645352591003757e-15	0.003961519212850817	0.00020513765534002637	2.220446049250313e-15	0.000012516220476488371	2.4424906541753444e-15
2.8021978021978021978021978021978	0.	2.6645352591003757e-15	0.003977013388764439	0.00020594451572031325	2.4424906541753444e-15	0.000012565488325400054	2.6645352591003757e-15
2.8131868131868131868131868131868	2.220446049250313e-16	2.4424906541753444e-15	0.00399250676953633	0.0002067513700885204	1.9984014443252818e-15	0.000012614756107032221	1.9984014443252818e-15
2.8241758241758241758241758241758	2.220446049250313e-16	2.6645352591003757e-15	0.004007999355254643	0.0002075582184464242	2.4424906541753444e-15	0.000012664023820940784	2.6645352591003757e-15
2.8351648351648351648351648351648	2.220446049250313e-16	2.220446049250313e-15	0.0040234911460075296	0.0002083650607929144	2.6645352591003757e-15	0.000012713291467125742	2.4424906541753444e-15
2.8461538461538461538461538461538	0.	2.6645352591003757e-15	0.004038982141884473	0.00020917189712821305	2.220446049250313e-15	0.000012762559046475275	2.220446049250313e-15
2.8571428571428571428571428571429	0.	2.6645352591003757e-15	0.004054472342973403	0.00020997872745343038	1.9984014443252818e-15	0.000012811826557879158	2.220446049250313e-15
2.8681318681318681318681318681319	2.220446049250313e-16	2.4424906541753444e-15	0.004069961749363138	0.00021078555176745617	1.9984014443252818e-15	0.00001286109400222557	1.9984014443252818e-15
2.8791208791208791208791208791209	0.	2.4424906541753444e-15	0.004085450361142051	0.00021159237007095655	2.6645352591003757e-15	0.000012910361379070423	2.6645352591003757e-15
2.8901098901098901098901098901099	2.220446049250313e-16	2.6645352591003757e-15	0.004100938178398739	0.00021239918236459765	2.6645352591003757e-15	0.000012959628688413716	1.9984014443252818e-15
2.9010989010989010989010989010989	2.220446049250313e-16	2.4424906541753444e-15	0.00411642520122113	0.00021320598864793538	2.6645352591003757e-15	0.000013008895930033404	2.220446049250313e-15
2.9120879120879120879120879120879	2.220446049250313e-16	2.6645352591003757e-15	0.004131911429698487	0.0002140127889211918	2.220446049250313e-15	0.000013058163103707443	2.6645352591003757e-15
2.9230769230769230769230769230769	2.220446049250313e-16	2.6645352591003757e-15	0.00414739686391874	0.00021481958318481098	2.4424906541753444e-15	0.000013107430210324011	2.220446049250313e-15
2.9340659340659340659340659340659	4.440892098500626e-16	2.4424906541753444e-15	0.004162881503970706	0.00021562637143879293	1.9984014443252818e-15	0.000013156697249661065	2.220446049250313e-15
2.9450549450549450549450549450549	2.220446049250313e-16	2.220446049250313e-15	0.0041783653499420925	0.00021643315368313765	2.220446049250313e-15	0.000013205964221718602	2.220446049250313e-15
2.956043956043956043956043956044	4.440892098500626e-16	2.6645352591003757e-15	0.004193848401922384	0.00021723992991828922	2.220446049250313e-15	0.000013255231125608447	2.4424906541753444e-15
2.967032967032967032967032967033	4.440892098500626e-16	2.6645352591003757e-15	0.0042093306599990665	0.0002180467001440256	2.220446049250313e-15	0.000013304497962662865	2.6645352591003757e-15
2.978021978021978021978021978022	4.440892098500626e-16	2.4424906541753444e-15	0.004224812124260513	0.00021885346436101294	2.220446049250313e-15	0.000013353764731549589	3.1086244689504383e-15
2.989010989010989010989010989011	4.440892098500626e-16	2.6645352591003757e-15	0.0042402927947953195	0.00021966022256902917	2.6645352591003757e-15	0.000013403031433378843	3.1086244689504383e-15
3.	4.440892098500626e-16	2.6645352591003757e-15	0.004255772671691416	0.00022046697476829635	2.6645352591003757e-15	0.000013452298068150625	2.6645352591003757e-15
3.010989010989010989010989010989	4.440892098500626e-16	2.6645352591003757e-15	0.0042712517550380635	0.00022127372095925857	2.220446049250313e-15	0.000013501564635198804	2.4424906541753444e-15
3.021978021978021978021978021978	4.440892098500626e-16	2.6645352591003757e-15	0.0042867300449225265	0.00022208046114147173	2.6645352591003757e-15	0.000013550831134745422	2.886579864025407e-15
3.032967032967032967032967032967	2.220446049250313e-16	2.4424906541753444e-15	0.0043022075414338445	0.00022288719531582402	1.9984014443252818e-15	0.000013600097566346392	2.6645352591003757e-15
3.043956043956043956043956043956	6.661338147750939e-16	2.4424906541753444e-15	0.004317684244659503	0.00022369392348231543	2.6645352591003757e-15	0.00001364936393088989	2.4424906541753444e-15
3.0549450549450549450549450549451	4.440892098500626e-16	2.4424906541753444e-15	0.00433316015468832	0.00022450064564050187	2.220446049250313e-15	0.00001369863022748774	2.220446049250313e-15
3.0659340659340659340659340659341	2.220446049250313e-16	2.6645352591003757e-15	0.0043486352716084475	0.00022530736179082744	2.6645352591003757e-15	0.000013747896457250164	2.220446049250313e-15
3.0769230769230769230769230769231	2.220446049250313e-16	2.6645352591003757e-15	0.004364109595507593	0.00022611407193351418	1.9984014443252818e-15	0.000013797162619733072	2.4424906541753444e-15
3.0879120879120879120879120879121	4.440892098500626e-16	2.4424906541753444e-15	0.004379583126474351	0.00022692077606900618	2.220446049250313e-15	0.000013846428714048287	2.6645352591003757e-15
3.0989010989010989010989010989011	4.440892098500626e-16	2.4424906541753444e-15	0.004395055864597319	0.00022772747419730344	2.6645352591003757e-15	0.000013895694741528075	2.4424906541753444e-15
3.1098901098901098901098901098901	2.220446049250313e-16	2.6645352591003757e-15	0.004410527809964204	0.0002285341663181839	2.886579864025407e-15	0.000013944960701728348	2.6645352591003757e-15
3.1208791208791208791208791208791	2.220446049250313e-16	2.6645352591003757e-15	0.004425998962662714	0.00022934085243209168	2.886579864025407e-15	0.000013994226593316839	2.6645352591003757e-15
3.1318681318681318681318681318681	2.220446049250313e-16	2.4424906541753444e-15	0.004441469322781444	0.0002301475325396929	2.6645352591003757e-15	0.000014043492418069903	2.6645352591003757e-15
3.1428571428571428571428571428571	4.440892098500626e-16	2.6645352591003757e-15	0.004456938890408324	0.00023095420664009936	2.220446049250313e-15	0.000014092758175321407	2.6645352591003757e-15
3.1538461538461538461538461538462	0.	2.6645352591003757e-15	0.004472407665631728	0.0002317608747344213	2.220446049250313e-15	0.000014142023865071351	2.6645352591003757e-15
3.1648351648351648351648351648352	2.220446049250313e-16	2.6645352591003757e-15	0.004487875648539585	0.0002325675368219926	2.6645352591003757e-15	0.00001419128948754178	2.6645352591003757e-15
3.1758241758241758241758241758242	2.220446049250313e-16	2.220446049250313e-15	0.004503342839219826	0.00023337419290370143	1.9984014443252818e-15	0.00001424055504251065	2.6645352591003757e-15
3.1868131868131868131868131868132	4.440892098500626e-16	2.6645352591003757e-15	0.0045188092377606015	0.00023418084297932573	2.220446049250313e-15	0.000014289820529977959	2.220446049250313e-15
3.1978021978021978021978021978022	0.	2.4424906541753444e-15	0.0045342748442498415	0.0002349874870493096	1.9984014443252818e-15	0.00001433908594949962	2.220446049250313e-15
3.2087912087912087912087912087912	2.220446049250313e-16	2.4424906541753444e-15	0.00454973965877592	0.00023579412511320896	2.886579864025407e-15	0.000014388351302407898	2.6645352591003757e-15
3.2197802197802197802197802197802	2.220446049250313e-16	2.6645352591003757e-15	0.0045652036814261	0.00023660075717191198	2.6645352591003757e-15	0.000014437616588036661	2.6645352591003757e-15
3.2307692307692307692307692307692	0.	2.4424906541753444e-15	0.004580666912288978	0.00023740738322497457	2.6645352591003757e-15	0.000014486881805497731	3.1086244689504383e-15
3.2417582417582417582417582417582	0.	3.1086244689504383e-15	0.0045961293514522605	0.00023821400327306286	2.886579864025407e-15	0.000014536146956123375	2.6645352591003757e-15
3.2527472527472527472527472527473	4.440892098500626e-16	2.6645352591003757e-15	0.004611590999003878	0.00023902061731573276	2.6645352591003757e-15	0.000014585412038137235	2.4424906541753444e-15
3.2637362637362637362637362637363	4.440892098500626e-16	2.886579864025407e-15	0.004627051855031539	0.00023982722535365042	2.886579864025407e-15	0.000014634677053093625	3.1086244689504383e-15
3.2747252747252747252747252747253	4.440892098500626e-16	2.6645352591003757e-15	0.004642511919623615	0.0002406338273872599	2.886579864025407e-15	0.000014683942000992545	2.6645352591003757e-15
3.2857142857142857142857142857143	2.220446049250313e-16	2.6645352591003757e-15	0.004657971192867372	0.0002414404234158951	2.6645352591003757e-15	0.00001473320688116786	3.1086244689504383e-15
3.2967032967032967032967032967033	4.440892098500626e-16	2.886579864025407e-15	0.004673429674851626	0.0002422470134400001	2.6645352591003757e-15	0.000014782471694063659	3.1086244689504383e-15
3.3076923076923076923076923076923	0.	3.1086244689504383e-15	0.004688887365663419	0.00024305359746024102	3.1086244689504383e-15	0.000014831736439679943	3.1086244689504383e-15
3.3186813186813186813186813186813	2.220446049250313e-16	2.886579864025407e-15	0.004704344265390903	0.0002438601754757297	3.1086244689504383e-15	0.000014881001117572623	2.4424906541753444e-15
3.3296703296703296703296703296703	4.440892098500626e-16	3.1086244689504383e-15	0.004719800374121785	0.0002446667474880204	3.1086244689504383e-15	0.000014930265727963743	3.3306690738754696e-15
3.3406593406593406593406593406593	2.220446049250313e-16	3.1086244689504383e-15	0.004735255691943774	0.000245473313496003	2.886579864025407e-15	0.000014979530271075348	3.1086244689504383e-15
3.3516483516483516483516483516484	4.440892098500626e-16	2.6645352591003757e-15	0.00475071021894502	0.00024627987350056557	2.886579864025407e-15	0.000015028794746463348	3.3306690738754696e-15
3.3626373626373626373626373626374	4.440892098500626e-16	2.6645352591003757e-15	0.004766163955212788	0.00024708642750148613	2.6645352591003757e-15	0.000015078059154793877	3.1086244689504383e-15
3.3736263736263736263736263736264	4.440892098500626e-16	2.886579864025407e-15	0.00478161690083545	0.0002478929754989867	3.1086244689504383e-15	0.000015127323495178757	3.1086244689504383e-15
3.3846153846153846153846153846154	4.440892098500626e-16	2.886579864025407e-15	0.004797069055900716	0.0002486995174935114	3.1086244689504383e-15	0.000015176587768062078	3.1086244689504383e-15
3.3956043956043956043956043956044	2.220446049250313e-16	2.886579864025407e-15	0.004812520420494959	0.00024950605348506016	3.1086244689504383e-15	0.000015225851973887927	3.3306690738754696e-15
3.4065934065934065934065934065934	4.440892098500626e-16	3.1086244689504383e-15	0.004827970994707886	0.00025031258347363305	3.1086244689504383e-15	0.000015275116112212217	3.3306690738754696e-15
3.4175824175824175824175824175824	2.220446049250313e-16	3.1086244689504383e-15	0.004843420778625873	0.0002511191074594521	3.1086244689504383e-15	0.000015324380183034947	3.552713678800501e-15
3.4285714285714285714285714285714	2.220446049250313e-16	3.1086244689504383e-15	0.004858869772336849	0.0002519256254429614	3.1086244689504383e-15	0.00001537364418657816	3.3306690738754696e-15
3.4395604395604395604395604395604	4.440892098500626e-16	3.1086244689504383e-15	0.0048743179759282995	0.00025273213742393885	3.1086244689504383e-15	0.000015422908122619816	3.1086244689504383e-15
3.4505494505494505494505494505495	4.440892098500626e-16	3.3306690738754696e-15	0.004889765389488376	0.0002535386434028286	3.1086244689504383e-15	0.000015472171990937866	3.1086244689504383e-15
3.4615384615384615384615384615385	4.440892098500626e-16	3.3306690738754696e-15	0.004905212013104343	0.00025434514337918657	3.1086244689504383e-15	0.000015521435791754357	3.1086244689504383e-15
3.4725274725274725274725274725275	2.220446049250313e-16	3.3306690738754696e-15	0.004920657846863907	0.000255151637354345	2.886579864025407e-15	0.000015570699525069287	3.1086244689504383e-15
3.4835164835164835164835164835165	4.440892098500626e-16	3.1086244689504383e-15	0.004936102890854777	0.0002559581253274157	2.886579864025407e-15	0.000015619963191326747	3.1086244689504383e-15
3.4945054945054945054945054945055	2.220446049250313e-16	3.3306690738754696e-15	0.0049515471451639925	0.00025676460729928685	3.552713678800501e-15	0.000015669226790082647	3.3306690738754696e-15
3.5054945054945054945054945054945	4.440892098500626e-16	2.886579864025407e-15	0.004966990609879929	0.00025757108326929234	3.1086244689504383e-15	0.000015718490321114942	2.4424906541753444e-15
3.5164835164835164835164835164835	4.440892098500626e-16	3.3306690738754696e-15	0.004982433285089627	0.0002583775532376542	2.886579864025407e-15	0.000015767753784867722	2.4424906541753444e-15
3.5274725274725274725274725274725	8.881784197001252e-16	3.1086244689504383e-15	0.004997875170880128	0.0002591840172054827	2.886579864025407e-15	0.000015817017181118942	3.1086244689504383e-15
3.5384615384615384615384615384615	4.440892098500626e-16	2.886579864025407e-15	0.005013316267340251	0.00025999047517233365	3.1086244689504383e-15	0.000015866280510090647	3.1086244689504383e-15
3.5494505494505494505494505494505	4.440892098500626e-16	3.3306690738754696e-15	0.00502875657455637	0.00026079692713842917	3.1086244689504383e-15	0.00001591554377200488	2.6645352591003757e-15
3.5604395604395604395604395604396	4.440892098500626e-16	3.1086244689504383e-15	0.005044196092615971	0.0002616033731035472	2.886579864025407e-15	0.000015964806965529377	3.3306690738754696e-15
3.5714285714285714285714285714286	4.440892098500626e-16	3.3306690738754696e-15	0.005059634821606984	0.00026240981306835387	3.1086244689504383e-15	0.000016014070092218446	2.886579864025407e-15
3.5824175824175824175824175824176	4.440892098500626e-16	3.3306690738754696e-15	0.0050750727616171165	0.0002632162470330712	2.6645352591003757e-15	0.000016063333151183912	3.1086244689504383e-15
3.5934065934065934065934065934066	4.440892098500626e-16	3.1086244689504383e-15	0.0050905099127327436	0.0002640226749972552	3.1086244689504383e-15	0.000016112596142647817	3.1086244689504383e-15
3.6043956043956043956043956043956	4.440892098500626e-16	3.3306690738754696e-15	0.005105946275042239	0.0002648290969613498	2.886579864025407e-15	0.000016161859066832207	3.1086244689504383e-15
3.6153846153846153846153846153846	2.220446049250313e-16	3.3306690738754696e-15	0.0051213818486324225	0.0002656355129262433	2.886579864025407e-15	0.000016211121923292993	3.1086244689504383e-15
3.6263736263736263736263736263736	4.440892098500626e-16	3.3306690738754696e-15	0.0051368166335910015	0.0002664419228910475	3.1086244689504383e-15	0.000016260384712474263	2.6645352591003757e-15
3.6373626373626373626373626373626	4.440892098500626e-16	3.3306690738754696e-15	0.0051522506300050175	0.0002672483268564285	3.552713678800501e-15	0.000016309647434598062	2.6645352591003757e-15
3.6483516483516483516483516483516	6.661338147750939e-16	3.3306690738754696e-15	0.0051676838379624	0.0002680547248221643	2.6645352591003757e-15	0.000016358910088998257	3.1086244689504383e-15
3.6593406593406593406593406593407	4.440892098500626e-16	3.3306690738754696e-15	0.005183116257549525	0.000268861116788921	2.6645352591003757e-15	0.000016408172676340982	3.1086244689504383e-15
3.6703296703296703296703296703297	4.440892098500626e-16	3.552713678800501e-15	0.005198547888854543	0.00026966750275647655	3.3306690738754696e-15	0.000016457435196182146	3.552713678800501e-15
3.6813186813186813186813186813187	4.440892098500626e-16	3.3306690738754696e-15	0.005213978731964275	0.000270473882725053	2.886579864025407e-15	0.00001650669764852175	3.3306690738754696e-15
3.6923076923076923076923076923077	4.440892098500626e-16	3.774758283725532e-15	0.0052294087869666495	0.0002712802566950945	3.3306690738754696e-15	0.000016555960032915706	3.1086244689504383e-15
3.7032967032967032967032967032967	6.661338147750939e-16	3.774758283725532e-15	0.005244838053948042	0.00027208662466660094	2.886579864025407e-15	0.000016605222350030147	3.3306690738754696e-15
3.7142857142857142857142857142857	4.440892098500626e-16	3.3306690738754696e-15	0.005260266532996161	0.00027289298663935035	3.1086244689504383e-15	0.000016654484600087116	3.1086244689504383e-15
3.7252747252747252747252747252747	4.440892098500626e-16	3.552713678800501e-15	0.0052756942241980465	0.00027369934261400886	3.552713678800501e-15	0.000016703746781976392	3.3306690738754696e-15
3.7362637362637362637362637362637	4.440892098500626e-16	3.552713678800501e-15	0.005291121127640741	0.00027450569259057644	3.1086244689504383e-15	0.00001675300889703024	3.1086244689504383e-15
3.7472527472527472527472527472527	4.440892098500626e-16	3.774758283725532e-15	0.005306547243412396	0.00027531203656927516	3.1086244689504383e-15	0.00001680227094458253	3.1086244689504383e-15
3.7582417582417582417582417582418	4.440892098500626e-16	3.774758283725532e-15	0.005321972571599165	0.00027611837454988297	3.1086244689504383e-15	0.000016851532924855306	3.3306690738754696e-15
3.7692307692307692307692307692308	4.440892098500626e-16	3.3306690738754696e-15	0.005337397112288755	0.00027692470653328805	3.1086244689504383e-15	0.00001690079483718243	3.552713678800501e-15
3.7802197802197802197802197802198	4.440892098500626e-16	3.3306690738754696e-15	0.0053528208655675424	0.00027773103251882425	3.1086244689504383e-15	0.000016950056682452086	3.3306690738754696e-15
3.7912087912087912087912087912088	2.220446049250313e-16	3.774758283725532e-15	0.005368243831523234	0.00027853735250737977	3.1086244689504383e-15	0.00001699931846022018	3.3306690738754696e-15
3.8021978021978021978021978021978	4.440892098500626e-16	3.774758283725532e-15	0.005383666010243537	0.0002793436664980664	3.552713678800501e-15	0.00001704858017026467	3.1086244689504383e-15
3.8131868131868131868131868131868	4.440892098500626e-16	3.3306690738754696e-15	0.005399087401814162	0.00028014997449266055	3.1086244689504383e-15	0.000017097841813473735	3.3306690738754696e-15
3.8241758241758241758241758241758	2.220446049250313e-16	3.3306690738754696e-15	0.005414508006323482	0.00028095627648960786	2.886579864025407e-15	0.00001714710338829306	3.1086244689504383e-15
3.8351648351648351648351648351648	2.220446049250313e-16	3.3306690738754696e-15	0.005429927823857872	0.00028176257249046266	3.1086244689504383e-15	0.000017196364896943095	3.552713678800501e-15
3.8461538461538461538461538461538	0.	3.774758283725532e-15	0.00544534685450393	0.00028256886249478086	3.552713678800501e-15	0.00001724562633764748	3.552713678800501e-15
3.8571428571428571428571428571429	4.440892098500626e-16	3.3306690738754696e-15	0.005460765098349585	0.0002833751465023404	3.552713678800501e-15	0.00001729488771062826	3.9968028886505635e-15
3.8681318681318681318681318681319	2.220446049250313e-16	3.774758283725532e-15	0.005476182555481879	0.0002841814245140295	3.552713678800501e-15	0.000017344149016329524	3.1086244689504383e-15
3.8791208791208791208791208791209	4.440892098500626e-16	3.552713678800501e-15	0.005491599225987187	0.0002849876965296261	3.3306690738754696e-15	0.000017393410254307184	3.552713678800501e-15
3.8901098901098901098901098901099	4.440892098500626e-16	3.552713678800501e-15	0.005507015109952551	0.0002857939625493522	3.552713678800501e-15	0.000017442671425671463	3.3306690738754696e-15
3.9010989010989010989010989010989	4.440892098500626e-16	3.774758283725532e-15	0.005522430207465456	0.0002866002225729858	2.886579864025407e-15	0.000017491932528868048	3.1086244689504383e-15
3.9120879120879120879120879120879	4.440892098500626e-16	3.774758283725532e-15	0.0055378445186125	0.0002874064766007489	3.774758283725532e-15	0.000017541193564785118	3.552713678800501e-15
3.9230769230769230769230769230769	4.440892098500626e-16	3.774758283725532e-15	0.00555325804348028	0.0002882127246333077	3.552713678800501e-15	0.000017590454533422673	3.3306690738754696e-15
3.9340659340659340659340659340659	4.440892098500626e-16	3.774758283725532e-15	0.005568670782156282	0.0002890189666708842	3.1086244689504383e-15	0.000017639715434114578	3.3306690738754696e-15
3.9450549450549450549450549450549	4.440892098500626e-16	3.774758283725532e-15	0.005584082734726881	0.0002898252027132564	3.1086244689504383e-15	0.000017688976267971057	3.552713678800501e-15
3.956043956043956043956043956044	4.440892098500626e-16	3.552713678800501e-15	0.00559949390127934	0.0002906314327606463	3.1086244689504383e-15	0.00001773823703454802	3.1086244689504383e-15
3.967032967032967032967032967033	6.661338147750939e-16	3.9968028886505635e-15	0.005614904281900701	0.000291437656813498	3.552713678800501e-15	0.000017787497733179336	3.552713678800501e-15
3.978021978021978021978021978022	0.	3.774758283725532e-15	0.005630313876677118	0.0002922438748713674	3.552713678800501e-15	0.00001783675836519727	3.552713678800501e-15
3.989010989010989010989010989011	4.440892098500626e-16	3.774758283725532e-15	0.005645722685695853	0.00029305008693447654	3.1086244689504383e-15	0.000017886018928825465	3.9968028886505635e-15
4.	0.	3.774758283725532e-15	0.005661130709043727	0.0002938562930039357	3.552713678800501e-15	0.00001793527942539619	3.552713678800501e-15
4.010989010989010989010989010989	2.220446049250313e-16	3.774758283725532e-15	0.00567653794680778	0.00029466249307863457	3.552713678800501e-15	0.000017984539854465353	3.3306690738754696e-15
4.021978021978021978021978021978	2.220446049250313e-16	3.9968028886505635e-15	0.005691944399074389	0.0002954686871594614	3.1086244689504383e-15	0.000018033800216032958	3.3306690738754696e-15
4.032967032967032967032967032967	0.	3.774758283725532e-15	0.00570735006593015	0.00029627487524686025	3.1086244689504383e-15	0.000018083060510765137	3.552713678800501e-15
4.043956043956043956043956043956	2.220446049250313e-16	3.9968028886505635e-15	0.005722754947462549	0.000297081057340165	3.1086244689504383e-15	0.00001813232073732962	3.552713678800501e-15
4.0549450549450549450549450549451	2.220446049250313e-16	3.774758283725532e-15	0.005738159043757518	0.00029788723344004175	3.552713678800501e-15	0.000018181580896392546	3.552713678800501e-15
4.0659340659340659340659340659341	4.440892098500626e-16	3.774758283725532e-15	0.00575356235490232	0.00029869340354649054	3.552713678800501e-15	0.000018230840989064134	3.1086244689504383e-15
4.0769230769230769230769230769231	2.220446049250313e-16	3.774758283725532e-15	0.005768964880983107	0.00029949956765951136	3.774758283725532e-15	0.00001828010101356803	3.774758283725532e-15
4.0879120879120879120879120879121	4.440892098500626e-16	3.9968028886505635e-15	0.005784366622087367	0.00030030572577977033	3.774758283725532e-15	0.000018329360971014452	3.552713678800501e-15
4.0989010989010989010989010989011	4.440892098500626e-16	3.9968028886505635e-15	0.005799767578301029	0.0003011118779070454	3.552713678800501e-15	0.000018378620860293182	3.774758283725532e-15
4.1098901098901098901098901098901	4.440892098500626e-16	4.218847493575595e-15	0.0058151677497111365	0.00030191802404155865	3.774758283725532e-15	0.000018427880682736486	3.552713678800501e-15
4.1208791208791208791208791208791	4.440892098500626e-16	4.218847493575595e-15	0.0058305671364045075	0.00030272416418331005	3.774758283725532e-15	0.00001847714043767823	3.774758283725532e-15
4.1318681318681318681318681318681	4.440892098500626e-16	3.9968028886505635e-15	0.005845965738466852	0.00030353029833296574	3.774758283725532e-15	0.00001852640012489637	3.774758283725532e-15
4.1428571428571428571428571428571	4.440892098500626e-16	3.774758283725532e-15	0.005861363555985433	0.00030433642649008164	3.552713678800501e-15	0.000018575659745279083	3.552713678800501e-15
4.1538461538461538461538461538462	4.440892098500626e-16	3.9968028886505635e-15	0.005876760589047292	0.00030514254865465773	3.774758283725532e-15	0.00001862491929838228	3.9968028886505635e-15
4.1648351648351648351648351648352	4.440892098500626e-16	3.9968028886505635e-15	0.005892156837737916	0.0003059486648280263	3.552713678800501e-15	0.00001867417878309574	3.552713678800501e-15
4.1758241758241758241758241758242	4.440892098500626e-16	3.9968028886505635e-15	0.005907552302144792	0.0003067547750090771	3.774758283725532e-15	0.00001872343820075173	4.218847493575595e-15
4.1868131868131868131868131868132	4.440892098500626e-16	3.9968028886505635e-15	0.005922946982353849	0.00030756087919869834	4.218847493575595e-15	0.000018772697551794337	3.9968028886505635e-15
4.1978021978021978021978021978022	4.440892098500626e-16	3.9968028886505635e-15	0.005938340878451909	0.0003083669773964459	3.774758283725532e-15	0.000018821956834225162	4.218847493575595e-15
4.2087912087912087912087912087912	4.440892098500626e-16	3.9968028886505635e-15	0.005953733990525345	0.00030917306960343005	3.774758283725532e-15	0.00001887121605026465	3.9968028886505635e-15
4.2197802197802197802197802197802	4.440892098500626e-16	3.774758283725532e-15	0.005969126318660756	0.00030997915581920665	3.552713678800501e-15	0.000018920475199024622	3.774758283725532e-15
4.2307692307692307692307692307692	4.440892098500626e-16	4.218847493575595e-15	0.005984517862944738	0.0003107852360435537	3.774758283725532e-15	0.000018969734279394856	4.218847493575595e-15
4.2417582417582417582417582417582	4.440892098500626e-16	3.9968028886505635e-15	0.005999908623463002	0.00031159131027713727	4.218847493575595e-15	0.00001901899329270762	4.218847493575595e-15
4.2527472527472527472527472527473	4.440892098500626e-16	4.218847493575595e-15	0.006015298600303032	0.00031239737852017946	3.774758283725532e-15	0.000019068252238518824	3.9968028886505635e-15
4.2637362637362637362637362637363	2.220446049250313e-16	3.9968028886505635e-15	0.00603068779355076	0.00031320344077268025	3.552713678800501e-15	0.000019117511117050512	4.218847493575595e-15
4.2747252747252747252747252747253	2.220446049250313e-16	3.9968028886505635e-15	0.006046076203292117	0.0003140094970339735	3.774758283725532e-15	0.000019166769927858596	4.440892098500626e-15
4.2857142857142857142857142857143	4.440892098500626e-16	3.9968028886505635e-15	0.006061463829614366	0.0003148155473062797	4.218847493575595e-15	0.000019216028671831253	3.9968028886505635e-15
4.2967032967032967032967032967033	2.220446049250313e-16	3.9968028886505635e-15	0.006076850672603662	0.00031562159158782244	4.218847493575595e-15	0.00001926528734830235	4.440892098500626e-15
4.3076923076923076923076923076923	2.220446049250313e-16	4.218847493575595e-15	0.006092236732346157	0.00031642762987926787	3.552713678800501e-15	0.00001931454595727189	4.218847493575595e-15
4.3186813186813186813186813186813	2.220446049250313e-16	3.9968028886505635e-15	0.006107622008928004	0.00031723366218128213	3.9968028886505635e-15	0.000019363804498295778	4.218847493575595e-15
4.3296703296703296703296703296703	2.220446049250313e-16	3.9968028886505635e-15	0.006123006502435802	0.00031803968849364317	3.774758283725532e-15	0.000019413062972262196	4.218847493575595e-15
4.3406593406593406593406593406593	2.220446049250313e-16	3.9968028886505635e-15	0.006138390212955702	0.000318845708816351	4.218847493575595e-15	0.000019462321379171144	4.218847493575595e-15
4.3516483516483516483516483516484	0.	3.9968028886505635e-15	0.0061537731405743035	0.00031965172315007173	3.774758283725532e-15	0.000019511579718134442	4.440892098500626e-15
4.3626373626373626373626373626374	2.220446049250313e-16	4.218847493575595e-15	0.006169155285377759	0.00032045773149458334	3.774758283725532e-15	0.000019560837990262314	4.6629367034256575e-15
4.3736263736263736263736263736264	2.220446049250313e-16	3.9968028886505635e-15	0.006184536647451777	0.00032126373385010787	3.774758283725532e-15	0.000019610096194444537	4.218847493575595e-15
4.3846153846153846153846153846154	2.220446049250313e-16	4.218847493575595e-15	0.006199917226883622	0.00032206973021686736	4.218847493575595e-15	0.00001965935433156929	4.218847493575595e-15
4.3956043956043956043956043956044	0.	3.9968028886505635e-15	0.006215297023758559	0.0003228757205948618	4.218847493575595e-15	0.000019708612401192482	4.440892098500626e-15
4.4065934065934065934065934065934	0.	4.440892098500626e-15	0.006230676038163185	0.0003236817049840912	4.6629367034256575e-15	0.00001975787040353616	3.9968028886505635e-15
4.4175824175824175824175824175824	0.	4.218847493575595e-15	0.006246054270183876	0.00032448768338544376	4.440892098500626e-15	0.000019807128338156232	4.440892098500626e-15
4.4285714285714285714285714285714	2.220446049250313e-16	4.218847493575595e-15	0.006261431719906785	0.0003252936557982533	4.440892098500626e-15	0.00001985638620549679	4.6629367034256575e-15
4.4395604395604395604395604395604	0.	4.218847493575595e-15	0.006276808387417843	0.00032609962222296396	4.218847493575595e-15	0.00001990564400600192	4.440892098500626e-15
4.4505494505494505494505494505495	2.220446049250313e-16	4.440892098500626e-15	0.006292184272803203	0.0003269055826600198	4.884981308350689e-15	0.00001995490173833936	4.884981308350689e-15
4.4615384615384615384615384615385	0.	4.218847493575595e-15	0.006307559376149241	0.0003277115371094208	4.6629367034256575e-15	0.000020004159404063415	4.6629367034256575e-15
4.4725274725274725274725274725275	0.	4.218847493575595e-15	0.006322933697541444	0.00032851748557094496	4.440892098500626e-15	0.000020053417001397733	4.218847493575595e-15
4.4835164835164835164835164835165	0.	3.9968028886505635e-15	0.006338307237067076	0.0003293234280452584	4.6629367034256575e-15	0.00002010267453167458	5.10702591327572e-15
4.4945054945054945054945054945055	2.220446049250313e-16	4.218847493575595e-15	0.006353679994811179	0.0003301293645323611	4.218847493575595e-15	0.000020151931994893957	5.329070518200751e-15
4.5054945054945054945054945054945	2.220446049250313e-16	4.218847493575595e-15	0.006369051970859685	0.000330935295032031	4.6629367034256575e-15	0.00002020118939038973	4.884981308350689e-15
4.5164835164835164835164835164835	0.	4.218847493575595e-15	0.006384423165299857	0.00033174121954515634	4.6629367034256575e-15	0.00002025044671882803	4.6629367034256575e-15
4.5274725274725274725274725274725	2.220446049250313e-16	4.218847493575595e-15	0.006399793578216517	0.000332547138071293	4.218847493575595e-15	0.000020299703979320682	4.218847493575595e-15
4.5384615384615384615384615384615	2.220446049250313e-16	4.6629367034256575e-15	0.006415163209696262	0.00033335305061088505	4.440892098500626e-15	0.000020348961172311775	5.329070518200751e-15
4.5494505494505494505494505494505	4.440892098500626e-16	4.218847493575595e-15	0.006430532059825245	0.0003341589571639325	4.6629367034256575e-15	0.00002039821829846744	4.884981308350689e-15
4.5604395604395604395604395604396	2.220446049250313e-16	4.6629367034256575e-15	0.006445900128688953	0.00033496485773087947	4.440892098500626e-15	0.000020447475357121547	4.6629367034256575e-15
4.5714285714285714285714285714286	0.	4.218847493575595e-15	0.0064612674163735395	0.00033577075231128184	4.6629367034256575e-15	0.00002049673234849614	5.329070518200751e-15
4.5824175824175824175824175824176	2.220446049250313e-16	4.6629367034256575e-15	0.006476633922964936	0.00033657664090580575	5.329070518200751e-15	0.00002054598927192508	4.884981308350689e-15
4.5934065934065934065934065934066	0.	4.218847493575595e-15	0.006491999648549296	0.00033738252351467324	4.218847493575595e-15	0.00002059524612874064	5.329070518200751e-15
4.6043956043956043956043956043956	0.	4.218847493575595e-15	0.006507364593212328	0.00033818840013766227	5.329070518200751e-15	0.000020644502917832597	5.329070518200751e-15
4.6153846153846153846153846153846	4.440892098500626e-16	4.218847493575595e-15	0.006522728757040186	0.00033899427077477284	5.10702591327572e-15	0.000020693759639422993	5.773159728050814e-15
4.6263736263736263736263736263736	0.	4.218847493575595e-15	0.006538092140118801	0.0003398001354271152	4.884981308350689e-15	0.000020743016293289784	4.884981308350689e-15
4.6373626373626373626373626373626	2.220446049250313e-16	4.218847493575595e-15	0.006553454742533216	0.00034060599409402315	4.6629367034256575e-15	0.00002079227288076524	4.884981308350689e-15
4.6483516483516483516483516483516	0.	4.218847493575595e-15	0.006568816564370028	0.00034141184677594083	5.10702591327572e-15	0.00002084152939962891	4.884981308350689e-15
4.6593406593406593406593406593407	0.	4.218847493575595e-15	0.006584177605714947	0.00034221769347286823	4.6629367034256575e-15	0.0000208907858518792	5.10702591327572e-15
4.6703296703296703296703296703297	0.	4.218847493575595e-15	0.006599537866653904	0.00034302353418524945	4.6629367034256575e-15	0.000020940042236183842	4.884981308350689e-15
4.6813186813186813186813186813187	0.	4.218847493575595e-15	0.00661489734727283	0.0003438293689126404	4.6629367034256575e-15	0.000020989298553875102	4.884981308350689e-15
4.6923076923076923076923076923077	0.	4.218847493575595e-15	0.0066302560476569905	0.0003446351976559292	4.6629367034256575e-15	0.000021038554803620713	5.329070518200751e-15
4.7032967032967032967032967032967	0.	4.218847493575595e-15	0.006645613967892761	0.00034544102041511593	5.329070518200751e-15	0.000021087810986086808	4.884981308350689e-15
4.7142857142857142857142857142857	0.	4.440892098500626e-15	0.0066609711080651834	0.00034624683718975646	5.10702591327572e-15	0.000021137067101273388	5.329070518200751e-15
4.7252747252747252747252747252747	0.	4.218847493575595e-15	0.00667632746826019	0.000347052647980739	5.10702591327572e-15	0.000021186323148958408	5.329070518200751e-15
4.7362637362637362637362637362637	2.220446049250313e-16	4.218847493575595e-15	0.0066916830485639345	0.0003478584527876194	4.6629367034256575e-15	0.000021235579128919824	5.551115123125783e-15
4.7472527472527472527472527472527	0.	4.440892098500626e-15	0.006707037849061903	0.0003486642516112859	5.10702591327572e-15	0.000021284835042267858	4.884981308350689e-15
4.7582417582417582417582417582418	2.220446049250313e-16	4.218847493575595e-15	0.00672239186984025	0.0003494700444510723	5.10702591327572e-15	0.000021334090887448198	5.551115123125783e-15
4.7692307692307692307692307692308	4.440892098500626e-16	4.218847493575595e-15	0.006737745110984017	0.0003502758313080889	5.329070518200751e-15	0.000021383346665571068	5.551115123125783e-15
4.7802197802197802197802197802198	2.220446049250313e-16	4.218847493575595e-15	0.006753097572578692	0.00035108161218122547	5.773159728050814e-15	0.00002143260237685851	5.329070518200751e-15
4.7912087912087912087912087912088	4.440892098500626e-16	4.6629367034256575e-15	0.006768449254710429	0.00035188738707137013	4.440892098500626e-15	0.000021481858020200306	5.329070518200751e-15
4.8021978021978021978021978021978	4.440892098500626e-16	4.218847493575595e-15	0.0067838001574649365	0.000352693155978967	4.884981308350689e-15	0.000021531113596262585	4.6629367034256575e-15
4.8131868131868131868131868131868	2.220446049250313e-16	4.440892098500626e-15	0.0067991502809274795	0.0003534989189040161	4.884981308350689e-15	0.000021580369104379216	5.773159728050814e-15
4.8241758241758241758241758241758	2.220446049250313e-16	4.218847493575595e-15	0.0068144996251837675	0.0003543046758462953	4.6629367034256575e-15	0.000021629624545438375	5.329070518200751e-15
4.8351648351648351648351648351648	4.440892098500626e-16	4.440892098500626e-15	0.00682984819031951	0.0003551104268060268	5.10702591327572e-15	0.000021678879919440064	5.10702591327572e-15
4.8461538461538461538461538461538	2.220446049250313e-16	4.6629367034256575e-15	0.006845195976420193	0.0003559161717834325	5.329070518200751e-15	0.000021728135226162237	5.551115123125783e-15
4.8571428571428571428571428571429	0.	4.440892098500626e-15	0.006860542983571305	0.00035672191077940063	5.10702591327572e-15	0.00002177739046538285	5.773159728050814e-15
4.8681318681318681318681318681319	0.	4.6629367034256575e-15	0.006875889211858333	0.000357527643793043	5.10702591327572e-15	0.000021826645636657815	5.329070518200751e-15
4.8791208791208791208791208791209	2.220446049250313e-16	4.6629367034256575e-15	0.006891234661366763	0.00035833337082480377	5.10702591327572e-15	0.000021875900741097354	5.329070518200751e-15
4.8901098901098901098901098901099	2.220446049250313e-16	4.6629367034256575e-15	0.0069065793321827496	0.00035913909187512694	5.10702591327572e-15	0.000021925155778035332	5.551115123125783e-15
4.9010989010989010989010989010989	2.220446049250313e-16	4.6629367034256575e-15	0.006921923224390447	0.00035994480694401254	5.10702591327572e-15	0.000021974410747027662	5.551115123125783e-15
4.9120879120879120879120879120879	4.440892098500626e-16	4.440892098500626e-15	0.006937266338076897	0.0003607505160314606	4.884981308350689e-15	0.00002202366564940661	5.551115123125783e-15
4.9230769230769230769230769230769	2.220446049250313e-16	4.440892098500626e-15	0.006952608673326255	0.00036155621913747105	5.10702591327572e-15	0.000022072920484506042	5.329070518200751e-15
4.9340659340659340659340659340659	2.220446049250313e-16	4.6629367034256575e-15	0.006967950230224673	0.00036236191626315417	5.10702591327572e-15	0.00002212217525188187	5.773159728050814e-15
4.9450549450549450549450549450549	4.440892098500626e-16	4.6629367034256575e-15	0.006983291008857639	0.0003631676074076218	5.10702591327572e-15	0.00002217142995175614	5.10702591327572e-15
4.956043956043956043956043956044	2.220446049250313e-16	4.6629367034256575e-15	0.0069986310093095305	0.00036397329257154	5.10702591327572e-15	0.00002222068458479498	5.551115123125783e-15
4.967032967032967032967032967033	2.220446049250313e-16	4.6629367034256575e-15	0.007013970231667166	0.0003647789717544647	5.329070518200751e-15	0.00002226993914966613	5.551115123125783e-15
4.978021978021978021978021978022	4.440892098500626e-16	4.218847493575595e-15	0.007029308676015145	0.00036558464495772824	5.329070518200751e-15	0.000022319193647479807	5.551115123125783e-15
4.989010989010989010989010989011	4.440892098500626e-16	4.6629367034256575e-15	0.007044646342438954	0.0003663903121806644	5.10702591327572e-15	0.000022368448077791925	5.551115123125783e-15