E0001_N40      0.95192545      0.62218210      0.06000000      1.00000000
E0013_N40      0.96670024      0.54250386      0.07000000      2.50000000
E0017_N40      0.97122219      0.51027838      0.06800000      3.00000000
J0005_N40      0.95551739      0.60622526      0.06700000      1.50000000
J0045_N40      0.96135071      0.57568775      0.07800000      2.00000000
J0047_N40      0.96113955      0.57479083      0.12000000      2.00000000
J0061_N40      0.97804663      0.45217746      0.06500000      4.00000000
K0001_N40      0.97491969      0.47962126      0.06000000      3.50000000
K0024_N40      0.97769080      0.45253851      0.12000000      4.00000000
M0004_N40      0.95129006      0.62056209      0.19000000      1.00000000
